Time	I.max_1	I.total_1	I.back_1
0	96.86275	90.91241	81.81373
0.041	96.86275	91.29586	82.16386
0.08	96.86275	91.40915	82.04482
0.118	96.86275	91.23486	82.38795
0.157	96.86275	91.40915	82.38795
0.195	96.86275	91.14597	82.04482
0.234	96.86275	91.58344	83.08124
0.273	96.86275	91.63573	82.73109
0.311	96.86275	91.55033	82.85014
0.349	96.86275	91.17735	81.92577
0.388	96.86275	91.11285	82.61905
0.426	96.86275	91.58518	82.97619
0.465	96.86275	91.60959	82.61905
0.503	96.86275	91.756	83.20728
0.545	96.86275	91.46841	82.62605
0.583	96.86275	91.29238	81.92577
0.621	96.86275	91.49107	82.61905
0.66	96.86275	91.34814	81.80672
0.699	96.86275	91.34814	81.80672
0.737	96.86275	91.63747	83.08124
0.776	96.86275	91.32375	82.38795
0.815	96.86275	91.20349	82.16386
0.853	96.86275	91.44227	82.63305
0.893	96.86275	91.2366	81.92577
0.932	96.86275	91.69673	83.08823
0.971	96.86275	91.69673	82.97619
1.009	96.86275	91.43355	82.507
1.05	96.86275	91.47015	82.51401
1.09	96.86275	91.38126	82.28291
1.129	96.86275	91.52244	82.74509
1.167	96.86275	91.20697	82.27591
1.206	96.86275	91.31329	82.61905
1.245	96.86275	91.29412	82.27591
1.283	96.86275	91.4109	82.39496
1.322	96.86275	91.4109	82.51401
1.36	96.86275	91.46841	82.74509
1.399	96.86275	91.2244	82.61905
1.437	96.86275	91.49979	82.74509
1.475	96.86275	91.40392	82.493
1.515	96.86275	91.34814	82.7381
1.555	96.86275	91.32723	82.28291
1.594	96.86275	91.139	82.507
1.632	96.86275	91.49629	82.62605
1.67	96.86275	91.72287	82.96219
1.709	96.86275	91.75425	83.31933
1.747	96.86275	91.40915	82.507
1.785	96.86275	91.02745	82.15686
1.825	96.86275	91.35338	82.27591
1.863	96.86275	91.35338	82.04482
1.901	96.86275	91.81002	83.43137
1.941	96.86275	91.28889	81.91876
1.979	96.86275	91.28889	81.91876
2.018	96.86275	91.20349	82.507
2.059	96.86275	91.49281	82.38795
2.098	96.86275	91.49281	82.38795
2.138	96.86275	91.60785	82.7381
2.177	96.86275	91.32375	82.507
2.215	96.86275	91.14248	82.38095
2.254	96.86275	91.32549	82.28291
2.293	96.86275	91.46841	82.39496
2.331	96.86275	91.35164	82.507
2.37	96.86275	91.26449	82.39496
2.408	96.86275	91.23312	82.15686
2.448	96.86275	91.35512	82.63305
2.486	96.86275	91.60959	82.7381
2.525	96.86275	91.58518	83.09524
2.565	96.86275	91.44227	82.7521
2.603	96.86275	91.34989	82.5
2.642	96.86275	91.47015	82.62605
2.68	96.86275	91.40915	82.51401
2.719	96.86275	91.46841	82.85715
2.758	96.86275	91.20872	82.27591
2.796	96.86275	91.38126	82.62605
2.835	96.86275	91.38301	82.63305
2.873	96.86275	91.29238	82.507
2.911	96.86275	91.47015	82.86414
2.95	96.86275	91.32375	82.39496
2.988	96.86275	91.26275	82.26891
3.027	96.86275	91.17735	82.27591
3.068	96.86275	91.261	82.03082
3.107	96.86275	91.35338	82.62605
3.146	96.86275	91.2976	82.39496
3.184	96.86275	91.29586	82.27591
3.223	96.86275	91.61133	82.85715
3.261	96.86275	91.35164	82.04482
3.3	96.86275	91.41264	82.51401
3.338	96.86275	91.41264	82.51401
3.378	96.86275	91.66711	82.7381
3.416	96.86275	91.43703	82.38795
3.455	96.86275	91.66711	82.85715
3.532	96.86275	91.61133	82.96918
3.572	96.86275	91.81176	83.20028
3.611	96.86275	91.52419	82.507
3.649	96.86275	91.49804	82.74509
3.689	96.86275	91.34989	81.81373
3.727	96.86275	91.49804	82.7521
3.766	96.86275	91.4074	82.26891
3.804	96.86275	91.32201	81.93278
3.843	96.86275	91.35512	82.51401
3.881	96.86275	91.2976	82.39496
3.92	96.86275	91.35338	82.63305
3.958	96.86275	91.26623	82.27591
3.998	96.86275	91.05882	82.14986
4.036	96.86275	91.18257	82.40196
4.076	96.86275	91.23834	82.16386
4.116	96.86275	91.41438	82.7521
4.154	96.86275	91.28889	82.61205
4.192	96.86275	91.55033	82.73109
4.231	96.86275	91.46841	82.62605
4.269	96.86275	91.43878	82.38795
4.308	96.86275	91.41438	82.7521
4.347	96.86275	90.82701	81.92577
4.385	96.86275	91.05882	82.38095
4.423	96.86275	91.35512	82.39496
4.462	96.86275	91.26449	82.27591
4.501	96.86275	91.58693	83.08823
4.539	96.86275	91.58693	83.08823
4.579	96.86275	91.44053	82.97619
4.618	96.86275	91.26449	82.85715
4.657	96.86275	91.52592	82.85715
4.696	96.86275	91.20872	82.16386
4.735	96.86275	91.41264	82.63305
4.773	96.86275	91.35338	82.51401
4.819	96.86275	91.35338	82.74509
4.862	96.86275	91.11808	82.26891
4.906	96.86275	91.32375	82.86414
4.946	96.86275	91.38301	82.39496
4.984	96.86275	91.23834	82.15686
5.022	96.86275	91.32201	82.507
5.061	96.86275	91.38126	82.39496
5.102	96.86275	91.5573	82.7521
5.141	96.86275	91.52419	82.7381
5.18	96.86275	91.66711	82.96918
5.219	96.86275	91.66711	82.96918
5.259	96.86275	91.49979	82.7521
5.297	96.86275	92.07146	83.90056
5.336	96.86275	92.7634	85.51121
5.375	96.86275	93.19215	86.31653
5.413	96.86275	93.42223	86.77171
5.452	96.86275	93.4536	87.12885
5.491	96.86275	92.96384	85.74229
5.529	96.86275	91.81002	83.66246
5.569	96.86275	88.55425	77.77311
5.609	96.86275	84.71459	71.46358
5.647	96.86275	78.2902	63.63445
5.686	96.86275	69.35599	55.61625
5.725	96.86275	60.70937	49.69888
5.763	70.98039	52.09935	43.12325
5.802	70.98039	47.95991	39.53782
5.84	70.98039	47.60785	39.06162
5.879	77.25491	49.61917	39.63585
5.918	90.19608	54.02702	42.17087
5.956	96.86275	58.58998	44.62185
5.994	96.86275	62.55164	47.514
6.033	96.86275	66.28323	50.39216
6.071	96.86275	69.2061	52.80812
6.112	96.86275	72.33464	55.94538
6.151	96.86275	74.50806	57.78712
6.191	96.86275	76.29107	59.5168
6.229	96.86275	77.86143	61.34454
6.267	96.86275	79.4353	62.81513
6.306	96.86275	80.78606	64.88795
6.344	96.86275	81.64183	65.91036
6.382	96.86275	82.82527	67.54902
6.421	96.86275	83.31155	68.69748
6.459	96.86275	83.31155	68.69748
6.498	96.86275	83.60436	68.81653
6.537	96.86275	84.17429	69.96499
6.576	96.86275	83.91983	69.62885
6.617	96.86275	83.28715	68.71148
6.655	96.86275	82.39303	67.90617
6.694	96.86275	80.23355	64.42577
6.733	96.86275	77.51634	61.90476
6.771	96.86275	73.75687	58.24229
6.81	96.86275	69.00392	54.10364
6.85	96.86275	63.04139	49.81793
6.888	90.19608	56.35904	44.73389
6.927	77.25491	51.42833	41.72269
6.965	70.98039	47.20697	38.15826
7.004	64.70588	45.9207	37.2409
7.043	70.98039	46.20654	37.2409
7.081	70.98039	47.43704	38.03922
7.122	77.25491	49.73246	39.63585
7.162	83.92157	51.50501	40.32913
7.2	90.19608	53.85447	42.18487
7.239	96.86275	56.25969	43.45938
7.277	96.86275	57.78823	44.05462
7.315	96.86275	59.79608	45.32213
7.354	96.86275	61.36993	46.23249
7.392	96.86275	62.68932	47.15686
7.43	96.86275	64.17778	48.41737
7.47	96.86275	65.41177	49.10364
7.509	96.86275	66.7085	49.92997
7.547	96.86275	67.97385	51.42157
7.585	96.86275	69.29673	52.59804
7.625	96.86275	70.44009	53.9916
7.663	96.86275	71.41438	54.45378
7.702	96.86275	72.18998	55.96638
7.741	96.86275	72.81743	55.85434
7.78	96.86275	72.81743	55.85434
7.818	96.86275	72.59085	55.95238
7.857	96.86275	72.10284	55.37815
7.896	96.86275	70.87233	54.55882
7.935	96.86275	69.12767	53.7535
7.973	96.86275	65.76384	50.14706
8.012	96.86275	61.94161	48.19328
8.05	96.86275	57.27581	44.5028
8.09	83.92157	52.08017	40.68628
8.131	70.98039	48.62048	38.38936
8.17	70.98039	46.02876	36.9958
8.209	64.70588	44.36601	35.39216
8.247	64.70588	44.16209	34.90897
8.286	64.70588	44.65534	35.14706
8.325	70.98039	45.9451	36.54762
8.363	70.98039	46.94379	36.9888
8.403	77.25491	47.98257	37.57703
8.441	77.25491	49.72375	38.94958
8.48	83.92157	50.67538	39.29272
8.518	83.92157	51.75948	39.97899
8.561	90.19608	52.5037	39.63585
8.599	90.19608	53.7464	41.02941
8.639	96.86275	55.1146	41.61064
8.677	96.86275	56.12027	42.08683
8.717	96.86275	57.01263	43.0042
8.755	96.86275	57.82135	42.89916
8.793	96.86275	59.18954	43.82353
8.832	96.86275	60.51242	44.85994
8.87	96.86275	60.97604	44.7409
8.909	96.86275	62.97517	47.37395
8.953	96.86275	63.6061	47.493
8.991	96.86275	64.61351	48.53642
9.031	96.86275	64.84009	48.64146
9.069	96.86275	64.01046	48.18628
9.107	96.86275	63.55207	47.95518
9.148	96.86275	61.2915	46.12745
9.187	96.86275	58.55861	44.39075
9.226	96.86275	55.5451	42.53502
9.264	83.92157	52.04532	40.21008
9.303	77.25491	49.44314	38.5014
9.342	70.98039	46.23616	35.72129
9.381	70.98039	44.85752	35.03502
9.42	64.70588	44.04531	34.79692
9.458	64.70588	44.04531	34.79692
9.496	64.70588	43.58344	33.87955
9.535	64.70588	44.19347	34.46078
9.574	64.70588	44.12549	34.43977
9.612	70.98039	45.3647	35.2591
9.654	70.98039	46.25882	35.84034
9.692	77.25491	46.91416	36.07143
9.731	77.25491	48.42702	37.42997
9.769	77.25491	48.60479	37.09384
9.808	83.92157	49.74292	37.9972
9.846	83.92157	50.37908	37.89216
9.885	83.92157	51.1512	38.23529
9.925	90.19608	52.3329	39.16667
9.964	90.19608	52.18998	38.94258
10.003	90.19608	53.76384	40.10504
10.041	96.86275	54.60043	40.22409
10.079	96.86275	55.57124	41.37955
10.118	96.86275	57.15207	42.31793
10.159	96.86275	57.29673	42.21289
10.198	96.86275	58.47495	43.36134
10.237	96.86275	58.99259	43.59244
10.276	96.86275	59.1634	43.71149
10.314	96.86275	59.53812	44.28572
10.353	96.86275	58.27102	43.70448
10.391	96.86275	57.04227	43.02521
10.429	96.86275	54.79739	41.72269
10.468	83.92157	52.50893	40
10.506	83.92157	50.12636	38.2423
10.544	77.25491	47.63399	36.05742
10.584	70.98039	46.26057	35.60224
10.622	70.98039	44.74597	34.34174
10.662	70.98039	43.93203	33.9916
10.701	70.98039	43.9268	34.32773
10.739	70.98039	43.50327	33.88655
10.778	70.98039	43.50327	33.88655
10.816	70.98039	44.62048	34.34874
10.855	70.98039	45.19739	34.81092
10.895	70.98039	45.92941	35.35714
10.933	77.25491	46.59869	35.60925
10.972	77.25491	46.7939	35.2521
11.011	77.25491	47.88845	35.95938
11.049	83.92157	48.85926	37.19888
11.088	83.92157	48.79303	36.7437
11.126	83.92157	50.04096	37.33193
11.167	83.92157	50.41045	37.44398
11.208	90.19608	51.64444	38.2563
11.246	90.19608	52.07146	38.47339
11.284	90.19608	52.44619	39.29272
11.323	96.86275	53.88235	39.63585
11.362	96.86275	54.0549	39.77591
11.4	96.86275	55.23137	41.03642
11.438	96.86275	56.15512	41.63165
11.477	96.86275	56.35207	41.97479
11.515	96.86275	56.69717	41.97479
11.555	96.86275	56.26667	41.73669
11.593	96.86275	55.72113	41.85574
11.631	96.86275	54.48192	40.69328
11.671	90.19608	53.04924	39.52381
11.71	83.92157	51.30109	38.4874
11.748	83.92157	49.43268	37.20588
11.786	77.25491	48.15163	36.42157
11.825	70.98039	46.4	35.4902
11.864	70.98039	45.04924	34.57283
11.903	70.98039	44.90283	34.34874
11.942	70.98039	44.73377	33.87955
11.98	70.98039	45.13464	34.21569
12.019	70.98039	44.99521	34.22969
12.058	70.98039	44.99521	34.22969
12.097	70.98039	45.41874	35.02801
12.135	70.98039	45.96601	35.14006
12.177	77.25491	46.64575	35.48319
12.217	77.25491	47.82396	36.63165
12.256	77.25491	47.99477	36.17647
12.295	83.92157	48.22658	36.29552
12.333	83.92157	49.36819	36.63165
12.372	83.92157	49.52331	36.7507
12.41	83.92157	50.40871	37.44398
12.449	90.19608	50.86536	37.54902
12.488	90.19608	50.95773	37.56303
12.527	90.19608	52.21961	38.01821
12.565	90.19608	52.53334	38.2493
12.604	90.19608	53.61743	39.17367
12.642	96.86275	53.91372	40
12.681	96.86275	54.62832	40.46218
12.721	96.86275	55.11983	40.81933
12.759	96.86275	54.77647	40.70028
12.799	96.86275	54.63007	41.15546
12.837	96.86275	54.33551	40.21709
12.875	90.19608	52.96558	39.29272
12.914	83.92157	52.16558	38.71849
12.952	83.92157	51.07277	38.36134
12.99	83.92157	49.8353	37.19888
13.029	77.25491	48.77211	36.28151
13.067	77.25491	47.17037	35.4902
13.107	77.25491	46.51329	34.80392
13.146	70.98039	45.74292	34.44678
13.185	70.98039	46.0305	34.91597
13.226	70.98039	46.05664	34.91597
13.264	70.98039	46.1403	35.03502
13.302	77.25491	46.73987	35.37115
13.341	77.25491	46.8793	35.2591
13.38	77.25491	47.6549	35.96639
13.419	77.25491	47.6549	35.96639
13.457	77.25491	47.5085	35.60925
13.496	83.92157	48.31024	36.28151
13.539	83.92157	49.14684	37.10084
13.578	83.92157	49.42919	36.63165
13.616	83.92157	50.32679	37.44398
13.655	83.92157	50.49411	37.43697
13.694	83.92157	50.77822	37.32493
13.735	90.19608	51.49804	37.89916
13.773	90.19608	51.69673	38.2423
13.812	90.19608	52.90806	39.07563
13.851	90.19608	52.73726	38.26331
13.89	90.19608	52.70937	38.15126
13.929	90.19608	53.76907	39.77591
13.967	90.19608	53.47625	39.17367
14.006	96.86275	54.56732	40.69328
14.045	90.19608	53.9695	39.986
14.084	90.19608	53.30545	39.06162
14.122	90.19608	52.59608	38.94958
14.161	83.92157	51.26972	38.01821
14.2	83.92157	50.87582	37.67507
14.241	83.92157	49.63137	37.07983
14.279	77.25491	48.71983	36.15546
14.317	77.25491	47.85708	35.70728
14.357	77.25491	47.1146	34.79692
14.395	77.25491	47.25752	35.48319
14.433	77.25491	46.77124	34.67787
14.471	77.25491	46.88627	34.56583
14.509	77.25491	47.3098	35.13305
14.548	77.25491	47.2244	35.2521
14.586	77.25491	48.07843	36.15546
14.624	77.25491	47.56776	35.2521
14.664	77.25491	48.44793	36.15546
14.702	83.92157	48.94466	36.40056
14.742	83.92157	48.71111	36.05042
14.781	83.92157	49.82832	36.84174
14.819	83.92157	49.60872	36.40756
14.857	83.92157	49.60872	36.40756
14.896	83.92157	50.40523	36.96078
14.934	90.19608	50.99259	37.68207
14.974	90.19608	51.38649	37.42997
15.012	90.19608	52.07494	38.13726
15.051	90.19608	52.01395	38.12325
15.089	90.19608	52.18649	37.55602
15.128	90.19608	52.87495	38.47339
15.166	90.19608	53.10327	38.59944
15.205	90.19608	53.53377	39.76191
15.246	90.19608	53.02135	38.83053
15.286	90.19608	53.01786	39.05462
15.324	90.19608	52.7878	38.70448
15.363	90.19608	51.67408	38.0042
15.401	83.92157	51.29935	37.9902
15.44	83.92157	50.29368	37.07283
15.478	83.92157	49.80741	36.62465
15.516	77.25491	49.05272	36.72969
15.555	77.25491	48.0854	35.82633
15.594	77.25491	48.13943	35.93137
15.632	77.25491	47.87974	36.04342
15.671	77.25491	47.79782	35.4902
15.709	77.25491	47.73682	35.59524
15.75	77.25491	47.76819	35.37115
15.788	77.25491	48.14118	36.27451
15.826	83.92157	48.4915	35.82633
15.865	83.92157	48.56645	35.93137
15.903	83.92157	49.11895	36.28851
15.946	83.92157	49.51634	36.40056
15.985	83.92157	49.71852	36.85574
16.023	83.92157	49.71329	36.39356
16.061	83.92157	50.06187	36.40756
16.1	83.92157	50.5464	36.84174
16.139	83.92157	50.69281	36.84874
16.177	83.92157	50.69281	36.84874
16.216	83.92157	51.06754	37.19888
16.259	90.19608	51.35338	37.66106
16.297	90.19608	51.64096	37.78011
16.336	90.19608	52.38344	38.34734
16.375	90.19608	52.39041	38.59244
16.414	90.19608	52.4427	38.59244
16.452	90.19608	52.38519	38.58543
16.491	90.19608	52.30327	38.13025
16.529	90.19608	52.47233	38.81652
16.569	90.19608	51.90239	38.13025
16.608	83.92157	51.50327	38.13025
16.646	83.92157	50.60915	37.32493
16.685	83.92157	50.17168	36.96779
16.723	83.92157	50.03922	36.86975
16.763	83.92157	48.80349	35.70028
16.801	83.92157	48.82266	36.4986
16.84	77.25491	48.17255	35.2451
16.88	77.25491	48.13595	35.70028
16.918	77.25491	48.50893	36.27451
16.956	77.25491	48.23006	35.81933
16.995	83.92157	48.20218	36.05042
17.033	77.25491	48.48453	36.15546
17.071	77.25491	48.48104	35.81232
17.11	83.92157	49.05621	36.27451
17.148	83.92157	49.00043	36.05042
17.188	83.92157	49.65752	36.7437
17.227	83.92157	49.83181	36.38655
17.268	83.92157	50.08802	36.5056
17.306	83.92157	50.55163	36.84874
17.344	83.92157	50.49586	36.84874
17.383	90.19608	51.00828	37.31793
17.421	90.19608	50.88976	37.31092
17.46	83.92157	51.07625	37.56303
17.499	83.92157	51.07625	37.56303
17.537	90.19608	51.81525	37.78011
17.576	90.19608	51.44227	37.54902
17.615	90.19608	52.15512	37.89916
17.653	90.19608	51.92854	37.54202
17.692	90.19608	52.18649	37.67507
17.731	90.19608	52.36602	38.38235
17.771	90.19608	51.24183	37.19188
17.811	83.92157	51.56078	37.55602
17.849	83.92157	50.69281	36.72269
17.887	83.92157	50.58126	37.20588
17.927	83.92157	49.94684	36.38655
17.965	83.92157	49.75164	36.62465
18.004	83.92157	49.68889	36.5056
18.042	83.92157	48.80174	36.04342
18.081	83.92157	49.19913	36.5056
18.12	83.92157	48.8	35.81933
18.159	77.25491	48.73726	35.59524
18.197	83.92157	48.861	35.94538
18.236	83.92157	48.05926	35.47619
18.278	83.92157	48.85229	36.16246
18.316	83.92157	49.10675	36.27451
18.354	83.92157	48.8854	35.81933
18.393	83.92157	49.51634	36.16246
18.432	83.92157	49.31416	35.93137
18.47	83.92157	49.8597	36.16246
18.509	83.92157	50.25708	36.85574
18.549	83.92157	50.40871	36.28151
18.587	83.92157	50.58126	37.31092
18.626	83.92157	50.09499	36.61765
18.664	83.92157	50.38606	36.61765
18.703	83.92157	50.66841	36.63866
18.742	83.92157	51.12854	37.31793
18.782	90.19608	51.44575	37.43697
18.82	83.92157	50.8671	37.18487
18.859	90.19608	51.85186	37.91317
18.898	90.19608	51.85186	37.91317
18.937	90.19608	51.58867	37.66106
18.975	83.92157	51.33421	37.44398
19.014	83.92157	51.2732	37.54902
19.054	83.92157	50.52375	36.85574
19.092	83.92157	50.84096	36.96779
19.131	83.92157	50.11591	36.26751
19.169	83.92157	49.82832	36.14846
19.208	83.92157	49.22702	36.27451
19.247	83.92157	48.83137	35.70728
19.288	83.92157	49.00392	35.81933
19.327	77.25491	48.65708	35.93137
19.367	77.25491	48.6902	35.82633
19.405	83.92157	48.99869	35.93838
19.443	77.25491	48.34336	35.58823
19.482	77.25491	48.65185	35.81232
19.52	83.92157	49.08236	36.03642
19.558	83.92157	49.03006	36.27451
19.597	83.92157	49.539	36.27451
19.636	83.92157	49.20261	35.82633
19.675	83.92157	49.79869	37.07983
19.713	83.92157	50.03573	36.5126
19.752	83.92157	50.37734	36.97479
19.791	83.92157	50.41045	36.7507
19.83	83.92157	50.32331	36.61064
19.868	83.92157	50.8427	36.85574
19.906	90.19608	50.78344	36.96779
19.945	83.92157	50.69804	36.97479
19.984	83.92157	51.03791	37.08683
20.022	83.92157	50.87059	36.85574
20.061	90.19608	51.61133	37.08683
20.1	90.19608	51.44401	37.31092
20.138	90.19608	51.44401	37.31092
20.177	83.92157	51.21569	37.19888
20.215	90.19608	51.18606	37.66106
20.254	83.92157	50.70327	36.7437
20.297	83.92157	50.87582	37.31793
20.335	83.92157	50.52201	37.07983
20.374	83.92157	50.03573	36.40056
20.413	83.92157	50.25708	37.07283
20.451	83.92157	49.40305	36.39356
20.49	83.92157	49.34728	36.05742
20.528	83.92157	49.16776	36.27451
20.567	83.92157	49.25839	35.58123
20.605	83.92157	49.36993	36.04342
20.645	83.92157	48.9464	35.60224
20.683	83.92157	49.43094	36.38655
20.722	83.92157	49.28279	36.37955
20.76	83.92157	49.25839	35.58823
20.8	83.92157	49.86318	36.40056
20.839	83.92157	49.3159	35.81933
20.877	83.92157	49.88758	36.02941
20.915	83.92157	49.77081	35.93137
20.955	83.92157	49.8597	36.14846
20.993	83.92157	50.37734	36.4916
21.032	83.92157	50.03225	36.73669
21.07	83.92157	50.28845	36.4916
21.109	83.92157	50.52201	36.83474
21.147	83.92157	50.60741	36.96779
21.186	83.92157	51.38649	37.19888
21.224	83.92157	50.79041	36.7437
21.264	83.92157	51.70022	37.89216
21.305	83.92157	51.58693	37.54902
21.343	83.92157	51.24357	37.66807
21.382	83.92157	51.56078	37.54902
21.42	83.92157	50.61264	36.5056
21.458	83.92157	50.92462	37.19188
21.497	83.92157	50.92462	37.19188
21.536	83.92157	50.58126	36.61765
21.576	83.92157	50.14728	36.61765
21.614	83.92157	50.20479	36.61765
21.653	83.92157	49.60523	35.93137
21.692	83.92157	50.03573	36.5056
21.73	83.92157	49.80566	36.28151
21.769	83.92157	49.40131	35.81933
21.809	83.92157	49.80218	36.28151
21.847	83.92157	49.08932	35.81933
21.887	83.92157	49.34728	36.16246
21.926	83.92157	49.35076	35.83333
21.965	83.92157	49.05447	36.16246
22.004	83.92157	49.51634	36.27451
22.042	83.92157	49.54946	35.71428
22.08	83.92157	49.92244	36.62465
22.119	83.92157	49.82832	36.61765
22.157	83.92157	49.74815	35.83333
22.196	83.92157	50.46274	37.19188
22.235	83.92157	50.26754	36.39356
22.275	83.92157	50.29368	36.63165
22.315	83.92157	50.44183	36.40056
22.354	83.92157	50.72767	36.63165
22.392	83.92157	50.75904	36.96078
22.43	83.92157	50.75381	36.96779
22.469	90.19608	50.98736	37.20588
22.508	83.92157	50.87582	36.85574
22.546	83.92157	50.93508	36.97479
22.585	83.92157	51.03791	37.65406
22.623	83.92157	50.55861	36.7507
22.661	83.92157	50.95599	37.31092
22.7	83.92157	51.03791	36.85574
22.739	83.92157	50.4366	36.5056
22.777	83.92157	50.4366	36.5056
22.818	83.92157	50.69978	36.85574
22.857	83.92157	49.83355	36.05042
22.895	83.92157	49.80915	36.40056
22.934	83.92157	49.71678	35.93137
22.973	83.92157	49.43268	35.58823
23.011	83.92157	49.80566	36.04342
23.05	83.92157	49.1695	35.35714
23.089	83.92157	48.91329	35.36415
23.128	83.92157	49.37168	36.04342
23.166	83.92157	49.31416	35.58123
23.205	83.92157	49.539	36.27451
23.244	83.92157	49.63312	36.16947
23.283	83.92157	49.74641	36.05742
23.324	83.92157	49.52157	36.05042
23.362	83.92157	49.5512	35.71428
23.4	83.92157	49.89455	36.61765
23.44	83.92157	49.89804	35.70728
23.479	83.92157	50.09325	36.39356
23.517	83.92157	50.41394	36.16947
23.556	83.92157	50.40697	36.38655
23.594	83.92157	50.89847	36.96078
23.632	83.92157	50.50109	36.5126
23.671	90.19608	50.86536	37.08683
23.709	83.92157	51.12854	37.19888
23.748	83.92157	50.83747	36.62465
23.787	83.92157	50.8427	36.98179
23.827	83.92157	50.64401	36.86274
23.865	83.92157	50.61438	36.97479
23.904	83.92157	50.95599	37.19188
23.942	83.92157	50.41568	36.40056
23.981	83.92157	50.55512	36.96779
24.02	83.92157	50.23791	36.4986
24.059	83.92157	50.41568	36.52661
24.097	83.92157	50.41568	36.52661
24.136	83.92157	50.14902	36.62465
24.175	83.92157	49.86667	36.16246
24.213	83.92157	49.88932	36.39356
24.252	83.92157	49.60174	35.58123
24.292	83.92157	49.4902	36.05742
24.333	83.92157	49.39956	35.93137
24.372	83.92157	49.39956	35.81232
24.411	83.92157	49.31939	35.93137
24.449	83.92157	49.39956	35.93137
24.488	83.92157	49.6366	36.16947
24.527	83.92157	49.62789	35.92437
24.565	83.92157	49.69238	36.28151
24.603	83.92157	50.03225	36.28151
24.642	83.92157	50.18388	36.05042
24.68	83.92157	49.97996	35.83333
24.72	83.92157	50.27103	36.63165
24.758	83.92157	50.32331	36.63165
24.797	83.92157	50.583	37.07283
24.836	83.92157	50.58998	36.40056
24.875	83.92157	51.01525	37.20588
24.913	83.92157	50.64226	36.85574
24.951	83.92157	50.49411	36.40056
24.99	83.92157	50.98911	36.7507
25.03	83.92157	50.61612	36.63866
25.068	83.92157	50.83573	36.84174
25.107	83.92157	50.87059	36.96779
25.145	83.92157	50.44183	36.28151
25.183	83.92157	50.87407	37.31092
25.222	83.92157	50.3634	36.52661
25.26	83.92157	50.32679	36.63165
25.299	83.92157	50.23965	36.28151
25.341	83.92157	50.26754	36.38655
25.38	83.92157	50.12114	36.38655
25.418	83.92157	50.12114	36.38655
25.456	83.92157	49.80392	35.93838
25.495	83.92157	49.88932	35.93137
25.534	83.92157	49.62963	35.93137
25.572	83.92157	49.57734	35.69328
25.611	83.92157	49.54771	35.93838
25.651	83.92157	49.4902	35.70728
25.69	83.92157	49.48845	35.81933
25.729	83.92157	49.45708	35.92437
25.767	83.92157	49.43442	35.46919
25.806	83.92157	50.03399	36.62465
25.846	83.92157	49.97647	36.27451
25.884	83.92157	50.3512	36.61765
25.923	83.92157	50.35294	36.4986
25.963	83.92157	50.57952	36.38655
26.001	83.92157	50.583	36.40056
26.039	83.92157	50.47146	36.40756
26.078	83.92157	50.81133	36.7437
26.116	83.92157	50.87059	36.63866
26.154	83.92157	50.64226	36.5056
26.193	83.92157	50.89847	36.96779
26.231	83.92157	50.81656	36.7507
26.27	83.92157	51.04488	36.7507
26.31	83.92157	50.57952	36.85574
26.351	83.92157	50.89673	36.61064
26.389	83.92157	51.09891	37.43697
26.428	83.92157	50.38083	36.39356
26.466	83.92157	50.81481	37.20588
26.504	83.92157	50.11939	36.27451
26.543	83.92157	49.74466	36.03642
26.582	83.92157	50.35817	37.08683
26.62	83.92157	49.83704	35.93838
26.659	83.92157	49.86144	36.15546
26.698	83.92157	49.86144	36.15546
26.737	83.92157	49.72026	36.05742
26.775	83.92157	49.46405	36.05042
26.814	83.92157	49.43791	35.48319
26.854	83.92157	49.45882	35.46919
26.894	83.92157	49.83355	36.15546
26.932	83.92157	50.0061	36.16246
26.971	83.92157	49.83878	36.05042
27.009	83.92157	50.15076	36.5126
27.048	83.92157	49.9573	35.93838
27.087	83.92157	50.12636	35.70028
27.125	83.92157	49.75164	35.70728
27.164	83.92157	50.00261	36.26751
27.203	83.92157	50.58475	36.85574
27.242	83.92157	50.35469	36.61765
27.28	83.92157	50.78693	36.5056
27.319	83.92157	50.15773	36.51961
27.36	83.92157	50.44183	36.05042
27.399	83.92157	50.49063	36.84174
27.437	83.92157	50.58823	36.5126
27.475	83.92157	50.81481	36.5126
27.516	83.92157	50.56035	36.64566
27.555	83.92157	50.26231	35.91737
27.593	83.92157	50.55861	36.28151
27.631	83.92157	50.50109	36.40056
27.67	83.92157	50.35991	36.40056
27.708	83.92157	50.21176	36.40056
27.747	83.92157	49.81089	35.81933
27.785	83.92157	50.09499	36.5056
27.824	83.92157	49.83704	36.05042
27.864	83.92157	49.83878	35.47619
27.902	83.92157	49.80741	36.16947
27.941	83.92157	49.83878	35.93838
27.979	83.92157	50.0061	36.28151
28.018	83.92157	49.72723	36.05742
28.056	83.92157	49.72723	36.05742
28.094	83.92157	50.01133	35.60224
28.134	83.92157	49.60174	35.70728
28.173	83.92157	49.65926	35.70028
28.211	83.92157	49.74466	35.92437
28.25	83.92157	49.89107	36.04342
28.288	83.92157	49.95904	36.06443
28.328	83.92157	49.83878	36.05042
28.369	83.92157	49.69063	35.35714
28.408	83.92157	50.583	37.08683
28.447	83.92157	50.03922	36.06443
28.486	83.92157	50.44357	36.28851
28.525	83.92157	50.24139	35.83333
28.564	83.92157	50.03922	35.70728
28.602	83.92157	50.4732	36.39356
28.641	83.92157	50.44357	36.40056
28.679	83.92157	50.67364	36.63866
28.717	83.92157	50.98562	36.85574
28.756	83.92157	50.8427	36.40056
28.795	83.92157	50.81133	36.85574
28.834	83.92157	50.35469	36.39356
28.874	83.92157	50.46797	36.7437
28.912	83.92157	50.29542	36.73669
28.95	83.92157	50.03225	36.39356
28.989	83.92157	50.29891	36.51961
29.027	83.92157	50.01133	36.29552
29.065	83.92157	49.92244	36.28151
29.105	83.92157	50.0671	36.16947
29.143	83.92157	49.46231	35.58823
29.182	83.92157	49.8353	35.93838
29.22	83.92157	49.77604	36.06443
29.258	83.92157	49.40479	35.82633
29.297	83.92157	49.40479	35.82633
29.337	83.92157	49.95207	36.05042
29.376	83.92157	49.95207	36.05042
29.418	83.92157	50.09499	36.4986
29.456	83.92157	49.9817	36.17647
29.495	83.92157	50.09499	36.05742
29.534	83.92157	49.95382	36.16947
29.572	83.92157	50.29542	36.5056
29.611	83.92157	50.23791	36.38655
29.65	83.92157	49.77778	36.16947
29.688	83.92157	50.75904	36.96779
29.728	83.92157	50.3878	36.18348
29.766	83.92157	50.12811	36.06443
29.805	83.92157	50.55338	36.85574
29.843	83.92157	50.38606	36.5126
29.882	83.92157	50.78867	37.07983
29.922	83.92157	50.69978	36.63165
29.961	83.92157	50.3878	36.40056
29.999	83.92157	50.47495	36.40756
30.039	83.92157	50.44183	36.28851
30.078	83.92157	50.13333	36.28851
30.116	83.92157	50.18736	36.05042
30.154	83.92157	50.23616	36.28151
30.193	83.92157	50.38257	36.61765
30.231	83.92157	50.03748	36.05042
30.269	83.92157	50.3024	36.7507
30.308	83.92157	50.0671	36.16246
30.348	83.92157	49.95207	36.16246
30.387	83.92157	49.77604	36.27451
30.426	83.92157	49.66972	35.95238
30.465	83.92157	49.89107	36.05042
30.504	83.92157	49.89107	36.28151
30.542	83.92157	49.84052	35.94538
30.58	83.92157	49.95382	36.28151
30.619	83.92157	49.49368	35.47619
30.659	83.92157	49.49194	35.82633
30.697	83.92157	49.49194	35.82633
30.736	83.92157	49.92593	36.05742
30.774	83.92157	50.24313	36.29552
30.813	83.92157	50.15425	36.05742
30.852	83.92157	50.00784	36.27451
30.89	83.92157	50.35991	36.28851
30.929	83.92157	50.10022	36.05042
30.97	83.92157	50.30065	36.05742
31.009	83.92157	50.56035	36.7507
31.047	83.92157	50.44183	36.39356
31.086	83.92157	50.67189	36.97479
31.124	83.92157	50.76253	37.19888
31.163	83.92157	50.78519	37.08683
31.212	83.92157	50.72592	36.62465
31.25	83.92157	50.15773	36.17647
31.29	83.92157	50.64749	37.09384
31.328	83.92157	50.46623	36.73669
31.368	83.92157	50.44532	36.63165
31.407	83.92157	50.29368	36.73669
31.445	83.92157	50.12462	36.28151
31.485	83.92157	49.92244	36.16947
31.524	83.92157	50.20654	36.27451
31.563	83.92157	49.8597	35.92437
31.603	83.92157	50.04096	36.16947
31.641	83.92157	49.83704	36.16947
31.679	83.92157	47.87625	35.014
31.718	77.25491	46.34945	33.21428
31.756	70.98039	45.83007	33.31232
31.795	77.25491	45.56688	32.96919
31.833	70.98039	44.98998	32.514
31.872	70.98039	45.22179	32.96919
31.911	70.98039	45.08235	32.63305
31.95	77.25491	44.70763	31.93978
31.99	70.98039	45.25316	32.16387
32.028	77.25491	45.13638	32.28291
32.067	70.98039	45.39085	32.96218
32.106	77.25491	45.30893	32.86415
32.144	70.98039	45.31591	32.85714
32.183	77.25491	45.80044	32.86415
32.222	77.25491	45.48497	32.62605
32.26	77.25491	45.28627	32.28291
32.299	77.25491	45.51634	32.7451
32.338	77.25491	45.48845	32.63305
32.377	77.25491	45.51286	32.73809
32.416	77.25491	45.51286	32.73809
32.455	77.25491	45.13987	32.05882
32.495	77.25491	45.2549	32.18487
32.535	77.25491	45.39259	32.62605
32.574	70.98039	45.37168	32.85714
32.612	77.25491	45.99913	33.08123
32.651	77.25491	45.41699	32.72409
32.69	77.25491	45.82832	32.60504
32.728	77.25491	46.05839	33.30532
32.767	77.25491	45.9695	32.97619
32.806	77.25491	46.00261	32.7451
32.845	77.25491	45.42745	32.15686
32.883	77.25491	46.11242	33.53642
32.922	77.25491	45.6488	33.53642
32.961	77.25491	45.34379	31.93277
33.001	77.25491	45.88932	32.514
33.039	77.25491	45.45534	32.39496
33.078	77.25491	45.91024	32.61905
33.116	77.25491	45.50937	32.61205
33.156	77.25491	45.58954	32.39496
33.194	77.25491	45.71677	32.63305
33.232	77.25491	45.27756	32.04482
33.271	77.25491	45.74466	32.17087
33.309	77.25491	45.81961	32.94818
33.348	70.98039	45.42571	32.26891
33.387	77.25491	45.37168	32.52101
33.427	77.25491	45.45359	32.73109
33.466	77.25491	45.93813	32.514
33.506	77.25491	45.71329	32.97619
33.544	70.98039	45.45534	32.16387
33.583	77.25491	46.06013	32.73809
33.621	77.25491	45.48671	32.27591
33.66	77.25491	45.53725	32.61905
33.698	77.25491	45.80218	32.85014
33.737	77.25491	45.80218	32.85014
33.777	77.25491	45.39782	32.04482
33.815	77.25491	45.99739	32.83613
33.854	77.25491	45.93987	33.19328
33.893	77.25491	45.91895	32.28992
33.931	77.25491	45.77255	32.62605
33.97	77.25491	45.85795	32.73809
34.01	77.25491	46.11416	33.20028
34.049	77.25491	45.59826	32.39496
34.087	77.25491	46.28497	32.85714
34.127	77.25491	46.02702	33.20028
34.166	77.25491	45.97298	32.95518
34.204	77.25491	45.83007	32.7451
34.243	70.98039	45.36645	32.15686
34.281	77.25491	45.85447	32.96919
34.319	77.25491	45.9085	32.96218
34.358	77.25491	45.74466	32.95518
34.397	77.25491	46.02527	33.08823
34.437	70.98039	45.45882	32.61905
34.476	77.25491	45.97124	33.41737
34.516	77.25491	45.74815	32.38795
34.554	77.25491	45.88061	32.73109
34.593	77.25491	45.88061	32.85014
34.631	70.98039	45.22702	32.03782
34.669	77.25491	45.88584	32.95518
34.708	77.25491	46.31285	33.19328
34.747	77.25491	46.25359	33.08123
34.785	77.25491	46.05316	33.31232
34.824	77.25491	45.30719	31.68067
34.862	77.25491	46.34771	33.09524
34.9	77.25491	45.88932	32.52101
34.939	77.25491	45.57037	33.08123
34.978	77.25491	45.57211	32.7451
35.017	70.98039	45.19913	32.15686
35.057	70.98039	45.19913	32.15686
35.096	77.25491	45.65403	32.38795
35.135	77.25491	45.65926	32.96919
35.174	70.98039	45.42571	32.85014
35.212	77.25491	46.14205	33.31232
35.251	77.25491	45.17299	32.04482
35.289	70.98039	45.53725	32.84314
35.328	77.25491	45.95033	33.20728
35.368	70.98039	45.05795	32.28291
35.408	77.25491	45.86318	32.63305
35.448	70.98039	45.39782	32.5
35.486	77.25491	45.81786	32.82913
35.526	77.25491	45.89107	32.63305
35.566	77.25491	45.36819	32.16387
35.605	77.25491	45.56863	32.04482
35.643	77.25491	45.24967	32.507
35.683	77.25491	46.17691	32.63305
35.721	77.25491	45.6244	32.73109
35.76	77.25491	46.08627	32.97619
35.798	77.25491	45.97124	32.85014
35.837	77.25491	45.62091	32.73109
35.875	77.25491	45.54248	32.27591
35.914	77.25491	46.05316	33.19328
35.952	77.25491	46.04793	32.84314
35.991	77.25491	46.11416	32.96218
36.032	77.25491	45.25316	32.38795
36.07	77.25491	45.87712	32.60504
36.108	77.25491	45.93987	32.73809
36.147	77.25491	45.39085	32.14986
36.185	77.25491	45.91721	32.85714
36.223	77.25491	45.1939	32.15686
36.262	77.25491	46.48192	33.53642
36.301	77.25491	45.80218	32.40196
36.34	77.25491	45.85795	32.27591
36.379	77.25491	45.77429	32.73809
36.418	77.25491	45.1695	32.03081
36.457	77.25491	45.99913	32.96218
36.496	77.25491	45.99913	32.96218
36.535	77.25491	46.02702	33.08823
36.575	77.25491	46.02876	32.26891
36.615	77.25491	45.91198	32.85014
36.654	77.25491	45.53725	32.62605
36.692	77.25491	45.54248	32.38795
36.731	77.25491	46.14379	32.96919
36.77	70.98039	45.88584	33.17927
36.808	77.25491	46.08802	33.31232
36.847	77.25491	45.5146	32.28291
36.886	77.25491	45.99564	32.83613
36.925	77.25491	46.05839	32.85014
36.963	77.25491	46.20131	33.08823
37.002	77.25491	46.0915	33.20728
37.041	77.25491	45.56863	32.507
37.081	77.25491	45.74118	32.84314
37.12	77.25491	46.11765	32.96919
37.158	77.25491	46.08279	33.07423
37.196	77.25491	46.05839	33.07423
37.236	77.25491	45.3037	32.16387
37.274	77.25491	45.74292	32.15686
37.313	77.25491	45.74292	32.63305
37.351	77.25491	45.71155	32.39496
37.39	77.25491	46.14205	32.84314
37.429	77.25491	45.68018	32.514
37.468	77.25491	45.71329	32.507
37.507	77.25491	45.60175	32.16387
37.546	77.25491	45.82832	33.08123
37.586	77.25491	46.17168	33.41737
37.624	77.25491	45.50937	32.61205
37.662	77.25491	45.91024	33.20028
37.701	77.25491	45.91198	32.73109
37.74	77.25491	46.14727	32.96919
37.778	77.25491	45.82484	32.84314
37.817	70.98039	45.39957	32.16387
37.856	70.98039	45.39957	32.16387
37.895	77.25491	46.22571	33.07423
37.934	77.25491	46.11765	33.08123
37.973	77.25491	45.96253	32.493
38.011	77.25491	45.9451	32.84314
38.05	77.25491	45.59826	32.28291
38.09	77.25491	46.17516	32.85714
38.129	77.25491	46.45403	33.42437
38.169	77.25491	45.93813	32.61205
38.207	77.25491	46.16296	32.72409
38.246	77.25491	45.94161	32.61905
38.284	77.25491	45.91024	32.37395
38.323	77.25491	45.83181	33.20728
38.361	77.25491	45.53551	32.60504
38.4	77.25491	45.91373	32.73809
38.441	77.25491	45.96253	33.29132
38.481	77.25491	45.91024	32.72409
38.519	77.25491	46.08453	32.96218
38.558	77.25491	45.71155	32.27591
38.598	77.25491	45.94336	33.19328
38.636	77.25491	45.91373	32.85714
38.675	77.25491	45.91373	32.85014
38.713	77.25491	46.31459	33.06723
38.751	77.25491	45.85272	32.26891
38.79	77.25491	46.02702	33.06723
38.83	77.25491	45.33856	32.27591
38.868	70.98039	45.11896	32.16387
38.906	77.25491	45.82135	32.60504
38.945	70.98039	45.54074	32.493
38.983	77.25491	45.6488	32.38095
39.022	70.98039	45.47625	32.14286
39.06	70.98039	45.77081	32.97619
39.1	70.98039	45.51809	32.38795
39.14	70.98039	45.30545	32.493
39.178	77.25491	45.74118	32.85714
39.217	77.25491	45.74118	32.85714
39.255	77.25491	45.56514	32.26191
39.294	77.25491	45.71329	32.39496
39.333	77.25491	45.91721	32.73109
39.372	77.25491	45.85795	32.63305
39.41	77.25491	45.478	32.38795
39.451	77.25491	45.82309	33.18628
39.49	77.25491	45.62614	32.61905
39.529	77.25491	45.76732	32.26191
39.567	77.25491	45.33856	32.04482
39.608	77.25491	45.76906	32.71709
39.647	77.25491	45.77604	32.40196
39.685	77.25491	45.76384	32.95518
39.723	77.25491	45.91373	33.20028
39.763	77.25491	45.71329	32.15686
39.802	77.25491	45.68541	32.16387
39.84	77.25491	45.36296	32.15686
39.879	77.25491	45.71155	32.61905
39.917	77.25491	45.85447	33.18628
39.955	77.25491	45.53377	32.71709
39.994	77.25491	45.7098	32.38095
40.032	77.25491	45.77081	32.5
40.071	77.25491	45.65752	32.61905
40.112	77.25491	45.68366	32.493
40.15	77.25491	45.76906	32.85014
40.188	70.98039	45.62963	32.72409
40.227	77.25491	45.45185	32.493
40.265	77.25491	45.73943	32.73109
40.304	77.25491	45.36645	32.507
40.342	77.25491	45.31068	32.05182
40.382	77.25491	45.56863	32.62605
40.42	77.25491	45.62266	32.5
40.46	70.98039	45.39608	32.02381
40.5	77.25491	45.59129	32.38795
40.538	77.25491	45.39957	32.39496
40.577	70.98039	45.47625	32.59804
40.617	77.25491	45.85447	32.85714
40.656	77.25491	45.85447	32.85714
40.695	77.25491	45.62789	32.61205
40.734	70.98039	45.51111	32.61905
40.773	77.25491	45.36122	32.493
40.811	77.25491	45.94336	32.85714
40.85	77.25491	45.13115	32.14286
40.889	77.25491	45.88758	32.96919
40.927	77.25491	45.48497	32.507
40.966	77.25491	45.42745	32.27591
41.006	77.25491	45.76906	32.96218
41.044	70.98039	45.36296	32.61205
41.083	77.25491	45.45359	32.37395
41.123	77.25491	45.30196	31.91176
41.162	77.25491	45.30893	31.91877
41.2	77.25491	45.73769	32.61905
41.239	77.25491	45.62614	32.26891
41.277	77.25491	45.68018	32.26191
41.317	77.25491	45.77255	32.61905
41.355	77.25491	45.41874	32.14986
41.393	77.25491	45.93813	32.85014
41.432	77.25491	45.6244	32.507
41.471	77.25491	45.51111	32.15686
41.51	77.25491	45.45011	32.507
41.549	77.25491	45.28279	31.81373
41.587	70.98039	45.76906	32.38095
41.628	70.98039	45.30545	32.507
41.667	70.98039	45.45534	32.26891
41.705	77.25491	45.91547	33.20028
41.744	70.98039	45.45708	32.26891
41.783	77.25491	45.82484	32.85014
41.821	77.25491	45.65577	32.38095
41.859	77.25491	45.56688	32.39496
41.898	77.25491	47.76819	33.76751
41.939	90.19608	53.39085	38.14426
41.977	90.19608	53.39085	38.14426
42.016	96.86275	56.82963	41.5056
42.056	96.86275	55.29412	40.23809
42.095	90.19608	52.42353	38.38936
42.136	77.25491	49.37865	36.17647
42.174	77.25491	47.02745	34.57283
42.213	70.98039	45.62614	33.77451
42.253	70.98039	44.62222	32.85014
42.292	70.98039	44.18998	32.85014
42.33	70.98039	44.16906	32.52101
42.369	70.98039	45.13115	33.53642
42.408	70.98039	46.0793	34.32773
42.446	77.25491	46.54292	34.22269
42.486	77.25491	47.53638	34.90196
42.525	83.92157	48.37299	35.59524
42.565	83.92157	48.6292	35.59524
42.603	83.92157	50.58823	36.42157
42.644	83.92157	51.12506	37.33193
42.682	90.19608	52.04009	37.46498
42.72	90.19608	52.67102	37.89916
42.759	90.19608	53.07189	37.78711
42.798	96.86275	54.08104	39.18768
42.836	96.86275	54.84967	39.993
42.876	96.86275	55.39869	39.53081
42.914	96.86275	55.94249	40.35014
42.952	96.86275	55.77168	40.22409
42.991	96.86275	56.05055	40.68628
43.029	96.86275	54.4	39.88795
43.067	90.19608	52.44968	38.37535
43.106	83.92157	50.18911	37.56303
43.146	77.25491	47.74902	35.37815
43.185	70.98039	47.08497	35.13305
43.224	70.98039	45.11547	33.78151
43.262	70.98039	44.82266	33.43137
43.3	70.98039	44.68322	33.78851
43.339	70.98039	45.1085	34.0056
43.378	70.98039	46.65969	35.04202
43.416	70.98039	46.65969	35.04202
43.455	77.25491	47.19826	35.93838
43.496	77.25491	47.76645	35.36415
43.535	83.92157	48.77037	36.16246
43.574	83.92157	49.69412	36.28151
43.613	83.92157	50.81133	37.09384
43.653	90.19608	51.93552	37.90616
43.692	90.19608	52.9952	38.73249
43.731	90.19608	53.56514	38.72549
43.769	96.86275	54.22397	39.88095
43.809	96.86275	55.88497	40.22409
43.848	96.86275	56.0854	40.46218
43.886	96.86275	56.4061	40.92437
43.925	96.86275	56.59608	41.03642
43.964	96.86275	56.80349	41.37955
44.002	96.86275	56.922	41.84874
44.04	96.86275	55.2	40.68628
44.079	90.19608	53.53726	39.52381
44.118	83.92157	52.01743	38.4944
44.159	83.92157	49.84401	37.43697
44.197	77.25491	48.80697	36.52661
44.236	77.25491	47.72113	35.83333
44.274	70.98039	46.74335	35.81933
44.313	70.98039	46.4	35.02101
44.351	70.98039	46.02353	34.68487
44.389	77.25491	47.29063	35.72129
44.428	77.25491	47.8902	35.82633
44.467	77.25491	48.90981	36.62465
44.506	83.92157	49.97473	37.08683
44.546	83.92157	50.72418	37.08683
44.584	90.19608	52.10109	38.83754
44.622	90.19608	52.98998	39.08263
44.663	96.86275	53.59303	39.53081
44.701	96.86275	55.14248	40.81933
44.739	96.86275	56.09586	41.16947
44.779	96.86275	57.28976	42.31092
44.818	96.86275	57.89978	42.08683
44.856	96.86275	57.89978	42.08683
44.894	96.86275	57.98344	42.55602
44.933	96.86275	59.22092	43.81652
44.972	96.86275	58.84967	43.13025
45.011	96.86275	58.56035	43.94258
45.049	96.86275	57.29848	42.66807
45.089	96.86275	55.97211	41.38655
45.128	90.19608	54.73987	41.02241
45.167	83.92157	52.739	39.40476
45.207	83.92157	51.76122	39.18768
45.245	77.25491	49.75512	37.55602
45.284	77.25491	48.84183	36.64566
45.323	77.25491	48.09412	36.85574
45.363	77.25491	48.06623	36.9888
45.403	77.25491	48.74771	36.77171
45.441	77.25491	49.06144	37.42297
45.48	83.92157	49.77952	37.56303
45.519	83.92157	51.24357	38.60644
45.559	83.92157	52.02266	39.18067
45.597	90.19608	52.90457	39.76191
45.635	90.19608	54.37037	40.91737
45.674	96.86275	55.57647	41.16246
45.715	96.86275	57.4379	42.31793
45.753	96.86275	58.07059	42.67507
45.792	96.86275	59.18083	44.03361
45.83	96.86275	59.7037	44.03361
45.869	96.86275	59.96688	44.26471
45.907	96.86275	60.68148	44.5028
45.945	96.86275	60.8244	44.62185
45.984	96.86275	60.59433	44.96498
46.023	96.86275	59.9634	44.62185
46.061	96.86275	59.04139	44.16667
46.1	96.86275	57.95555	43.45938
46.138	96.86275	56.14989	42.19888
46.176	90.19608	54.14379	40.56723
46.217	83.92157	53.22179	40.10504
46.257	83.92157	51.87451	39.40476
46.295	83.92157	51.87451	39.40476
46.334	77.25491	51.15991	39.17367
46.373	77.25491	50.38431	38.01821
46.412	83.92157	51.05011	38.4944
46.451	83.92157	50.78344	38.59244
46.49	83.92157	51.61656	39.05462
46.529	90.19608	52.67799	39.87395
46.568	90.19608	53.36471	40.23109
46.607	96.86275	55.02919	41.61765
46.647	96.86275	56.04706	42.10084
46.685	96.86275	57.41525	42.32493
46.726	96.86275	58.55512	43.57843
46.764	96.86275	59.70893	43.69748
46.803	96.86275	60.76688	44.95798
46.841	96.86275	61.54597	45.42717
46.88	96.86275	62.49238	46.22549
46.918	96.86275	62.88802	46.91177
46.958	96.86275	62.63704	46.11345
46.996	96.86275	62.57604	46.80672
47.035	96.86275	62.38083	46.35854
47.073	96.86275	61.86492	46.34454
47.112	96.86275	60.82789	45.54622
47.15	96.86275	59.73334	44.62185
47.189	96.86275	58.38432	44.26471
47.229	96.86275	57.01263	43.82353
47.268	90.19608	55.55033	42.54902
47.306	90.19608	54.86187	41.95378
47.345	83.92157	54.11939	41.61765
47.383	83.92157	53.65229	40.93137
47.422	90.19608	54.17168	41.38655
47.46	90.19608	54.17342	41.28151
47.498	90.19608	55.03268	42.20588
47.538	96.86275	55.37952	42.43697
47.578	96.86275	57.19041	42.79412
47.617	96.86275	57.98519	43.0112
47.655	96.86275	57.98519	43.0112
47.694	96.86275	59.19302	43.4874
47.735	96.86275	60.88889	45.53922
47.773	96.86275	61.31591	45.65126
47.812	96.86275	63.23835	47.03782
47.851	96.86275	63.63398	47.37395
47.89	96.86275	64.46362	47.486
47.929	96.86275	65.09281	48.53642
47.968	96.86275	65.03878	48.18628
48.007	96.86275	65.93116	49.11064
48.046	96.86275	65.43791	48.9986
48.085	96.86275	65.23747	49.22269
48.123	96.86275	64.32593	47.85714
48.162	96.86275	62.87756	47.17087
48.201	96.86275	61.4048	46.0084
48.241	96.86275	60.96907	45.65826
48.28	96.86275	59.82048	45.20308
48.319	96.86275	58.87582	44.61485
48.357	96.86275	57.44313	43.83053
48.396	96.86275	57.52331	44.5098
48.434	96.86275	56.8976	43.48039
48.472	96.86275	57.15207	43.23529
48.512	96.86275	57.50065	43.46639
48.551	96.86275	57.70284	43.2493
48.59	96.86275	59.41612	44.84594
48.629	96.86275	60.42179	45.41317
48.667	96.86275	61.39608	45.7563
48.705	96.86275	62.4366	46.69468
48.746	96.86275	63.06057	47.14286
48.784	96.86275	64.95163	47.95518
48.822	96.86275	65.58257	48.41036
48.862	96.86275	66.29891	49.22269
48.9	96.86275	67.31503	50.74229
48.938	96.86275	67.08497	50.51821
48.977	96.86275	67.85708	51.09944
49.016	96.86275	67.88845	50.97339
49.055	96.86275	67.88845	50.97339
49.094	96.86275	67.73682	50.85434
49.133	96.86275	67.42484	50.73529
49.173	96.86275	65.87016	49.46078
49.211	96.86275	65.55469	49.92297
49.252	96.86275	64.58388	49.0056
49.29	96.86275	63.75251	48.07423
49.329	96.86275	62.66667	47.73809
49.368	96.86275	61.34902	45.89636
49.407	96.86275	61.62963	46.58263
49.445	96.86275	61.13638	46.91877
49.485	96.86275	60.80349	45.54622
49.523	96.86275	60.88366	46.11345
49.563	96.86275	60.85054	45.76331
49.602	96.86275	60.99869	45.77031
49.641	96.86275	62.29368	47.03081
49.679	96.86275	63.15643	47.5
49.718	96.86275	64.60479	48.41036
49.758	96.86275	65.21133	48.86554
49.797	96.86275	66.45403	49.57283
49.836	96.86275	67.3987	50.72829
49.874	96.86275	68.17081	51.31653
49.912	96.86275	68.88889	51.77871
49.951	96.86275	69.09106	51.66667
49.989	96.86275	70.0061	52.94818
50.027	96.86275	69.86841	52.83614
50.066	96.86275	69.52331	52.02381
50.107	96.86275	69.54945	52.47899
50.145	96.86275	68.60305	51.31653
50.184	96.86275	68.28584	51.79972
50.222	96.86275	67.70719	50.96638
50.262	96.86275	66.67364	49.81092
50.301	96.86275	66.41917	50.38515
50.339	96.86275	65.37691	49.33474
50.377	96.86275	64.84183	49.22969
50.417	96.86275	64.35207	48.87955
50.456	96.86275	64.35207	48.87955
50.495	96.86275	64.24052	48.64846
50.534	96.86275	63.9268	48.42437
50.573	96.86275	63.60958	48.52941
50.613	96.86275	64.37995	48.64846
50.651	96.86275	64.6414	48.87955
50.69	96.86275	65.21307	48.9916
50.73	96.86275	65.84924	49.58683
50.77	96.86275	66.82352	50.03502
50.809	96.86275	67.83093	51.31653
50.847	96.86275	68.91678	52.12885
50.886	96.86275	69.2305	52.36695
50.926	96.86275	70.38257	53.53641
50.964	96.86275	70.66492	53.17927
51.003	96.86275	71.24183	54.11765
51.043	96.86275	71.52244	53.9846
51.081	96.86275	71.69498	54.78991
51.119	96.86275	71.52592	54.79692
51.158	96.86275	71.18606	54.12465
51.197	96.86275	70.95076	53.97759
51.235	96.86275	70.46449	54.09664
51.275	96.86275	69.72549	52.72409
51.314	96.86275	69.14858	52.59804
51.353	96.86275	68.62919	51.77171
51.392	96.86275	68.42876	51.66667
51.43	96.86275	68.40087	52.12185
51.468	96.86275	67.48235	51.20448
51.507	96.86275	67.54161	51.42857
51.545	96.86275	67.22266	51.20448
51.585	96.86275	67.33944	50.97339
51.625	96.86275	67.97385	51.78572
51.664	96.86275	68	51.65266
51.702	96.86275	68.51939	52.0168
51.741	96.86275	68.80348	52.0168
51.781	96.86275	69.80218	53.06723
51.819	96.86275	70.54815	53.41737
51.858	96.86275	71.21394	53.65546
51.897	96.86275	71.87276	55.26611
51.935	96.86275	71.87276	55.26611
51.975	96.86275	72.15861	54.81092
52.013	96.86275	72.92898	55.83333
52.052	96.86275	73.07189	55.60225
52.091	96.86275	72.80872	55.2521
52.13	96.86275	73.30196	56.41457
52.168	96.86275	73.18344	55.95238
52.207	96.86275	72.92549	55.93837
52.245	96.86275	72.98126	56.28852
52.287	96.86275	72.20741	55.36415
52.326	96.86275	72.29804	55.37115
52.365	96.86275	71.30283	54.91597
52.403	96.86275	70.92461	54.43977
52.442	96.86275	70.49412	54.10364
52.481	96.86275	70.26231	53.97059
52.519	96.86275	69.86318	53.87255
52.557	96.86275	69.9817	52.83614
52.598	96.86275	69.8353	53.40336
52.637	96.86275	70.00436	52.94818
52.676	96.86275	70.15076	53.18628
52.714	96.86275	70.522	53.53641
52.753	96.86275	70.4	53.17927
52.793	96.86275	70.95251	53.77451
52.831	96.86275	71.38126	54.44678
52.87	96.86275	71.96165	55.03501
52.909	96.86275	73.2793	56.05042
52.947	96.86275	73.3037	56.18347
52.986	96.86275	73.47974	56.40756
53.024	96.86275	73.90675	56.86274
53.063	96.86275	73.96601	56.86274
53.101	96.86275	74.5098	57.33193
53.139	96.86275	74.3634	56.98179
53.178	96.86275	74.04619	56.98179
53.218	96.86275	73.84401	57.10084
53.256	96.86275	73.84401	57.10084
53.296	96.86275	73.64532	56.87675
53.335	96.86275	73.64532	56.87675
53.374	96.86275	72.8122	55.94538
53.413	96.86275	72.89935	56.18347
53.451	96.86275	72.58562	55.81932
53.49	96.86275	71.77865	55.01401
53.53	96.86275	72.00523	55.12605
53.568	96.86275	71.67059	55.60925
53.608	96.86275	71.98257	55.14006
53.647	96.86275	72.33115	55.95238
53.687	96.86275	72.04357	54.81092
53.726	96.86275	72.75642	55.95238
53.764	96.86275	72.21438	55.02801
53.805	96.86275	72.92723	55.2521
53.844	96.86275	73.07364	56.40756
53.883	96.86275	73.38911	56.18347
53.921	96.86275	74.08279	57.20588
53.96	96.86275	73.84924	56.63866
53.999	96.86275	74.25011	57.08683
54.038	96.86275	74.68061	57.67507
54.076	96.86275	74.91068	57.78712
54.115	96.86275	75.16514	58.13025
54.154	96.86275	74.6841	57.67507
54.193	96.86275	74.53769	57.44398
54.231	96.86275	74.88453	57.44398
54.27	96.86275	74.50632	57.21288
54.31	96.86275	74.33028	57.43697
54.348	96.86275	74.36166	57.33193
54.387	96.86275	74.07059	56.98179
54.425	96.86275	73.76035	56.64566
54.463	96.86275	73.5024	56.30252
54.503	96.86275	73.93465	56.88375
54.541	96.86275	73.73072	56.63866
54.579	96.86275	73.53203	56.30252
54.619	96.86275	73.35947	56.16947
54.658	96.86275	73.93465	56.75771
54.696	96.86275	73.88235	56.40756
54.735	96.86275	74.07581	56.97479
54.774	96.86275	74.07581	56.97479
54.815	96.86275	73.88584	56.41457
54.854	96.86275	74.30762	57.42997
54.892	96.86275	74.62658	57.33193
54.931	96.86275	74.88628	58.48739
54.97	96.86275	74.76775	57.78712
55.008	96.86275	74.91242	57.66107
55.047	96.86275	75.22789	58.24229
55.086	96.86275	75.2	58.0112
55.126	96.86275	75.54336	58.36134
55.164	96.86275	75.39869	58.58543
55.203	96.86275	74.99608	57.66807
55.242	96.86275	75.2	57.89216
55.28	96.86275	75.17211	57.56303
55.32	96.86275	75.45795	57.89916
55.359	96.86275	74.97342	57.57003
55.397	96.86275	74.71024	57.10784
55.436	96.86275	74.99783	57.33193
55.475	96.86275	74.84967	57.33193
55.513	96.86275	74.76775	57.67507
55.551	96.86275	74.90719	57.66807
55.59	96.86275	74.79041	57.67507
55.629	96.86275	75.31329	58.13025
55.668	96.86275	74.88453	57.33193
55.707	96.86275	75.14423	57.78712
55.746	96.86275	74.99783	57.89916
55.784	96.86275	74.61613	57.66107
55.825	96.86275	75.54336	58.70448
55.863	96.86275	75.19652	58.0112
55.901	96.86275	75.57298	58.71148
55.94	96.86275	75.77342	58.71148
55.978	96.86275	75.36906	58.58543
56.016	96.86275	75.88497	58.57843
56.056	96.86275	75.77516	58.47339
56.095	96.86275	75.77516	58.47339
56.134	96.86275	75.5939	58.46638
56.172	96.86275	75.51546	58.36834
56.211	96.86275	75.74728	58.2563
56.251	96.86275	75.68802	58.47339
56.29	96.86275	75.45969	57.90617
56.33	96.86275	75.74553	58.24229
56.37	96.86275	75.43006	58.01821
56.409	96.86275	74.9281	57.56303
56.448	96.86275	75.48061	58.23529
56.486	96.86275	75.25228	57.56303
56.525	96.86275	75.59738	58.46638
56.563	96.86275	75.71416	58.35434
56.602	96.86275	76.28236	59.37675
56.641	96.86275	75.82745	58.80952
56.682	96.86275	75.21394	57.89216
56.72	96.86275	75.36384	58.58543
56.759	96.86275	75.91634	58.46638
56.798	96.86275	75.64967	58.80952
56.838	96.86275	76.05577	58.92857
56.876	96.86275	76.00174	58.81653
56.915	96.86275	76.74423	59.96499
56.953	96.86275	76.45664	59.15966
56.992	96.86275	76.16906	58.58543
57.031	96.86275	76.45664	59.27171
57.069	96.86275	76.31721	58.82353
57.107	96.86275	76.28933	58.92857
57.147	96.86275	76.03312	59.04762
57.185	96.86275	76.31547	58.81653
57.223	96.86275	76.46188	59.5028
57.262	96.86275	76.19521	58.92157
57.301	96.86275	76.14815	58.81653
57.341	96.86275	75.94423	58.24229
57.38	96.86275	75.7403	58.23529
57.418	96.86275	75.94248	58.69048
57.456	96.86275	75.50327	57.67507
57.495	96.86275	76.51067	59.4888
57.534	96.86275	76.51067	59.4888
57.573	96.86275	76.25621	58.91457
57.612	96.86275	76.54205	59.36975
57.652	96.86275	76.59608	59.83193
57.692	96.86275	76.28061	59.4888
57.73	96.86275	76.7146	59.61485
57.769	96.86275	76.91503	60.41317
57.808	96.86275	76.83138	59.27171
57.848	96.86275	77.25665	60.28011
57.888	96.86275	77.31765	59.83893
57.928	96.86275	77.6244	60.40617
57.966	96.86275	77.59825	60.40617
58.005	96.86275	77.71503	60.29412
58.043	96.86275	77.4536	60.74229
58.082	96.86275	77.36819	59.95098
58.121	96.86275	77.25839	60.18207
58.159	96.86275	77.22876	60.05602
58.198	96.86275	77.31242	60.17507
58.238	96.86275	77.00392	60.18908
58.276	96.86275	76.88366	60.18207
58.314	96.86275	76.74597	59.95098
58.355	96.86275	76.94466	60.40617
58.393	96.86275	76.97255	60.07003
58.431	96.86275	76.82789	60.06303
58.47	96.86275	76.94466	59.83893
58.508	96.86275	76.68845	59.37675
58.547	96.86275	77.19739	59.95098
58.586	96.86275	77.00741	59.61485
58.625	96.86275	77.60175	61.21148
58.663	96.86275	77.45534	60.06303
58.703	96.86275	77.68714	60.51821
58.741	96.86275	77.65577	60.51821
58.779	96.86275	77.70981	60.5112
58.818	96.86275	78.16993	61.09244
58.86	96.86275	77.65752	60.7493
58.898	96.86275	77.57386	60.41317
58.937	96.86275	77.46056	60.40617
58.975	96.86275	77.46056	60.40617
59.014	96.86275	77.661	60.18207
59.053	96.86275	77.71329	60.86834
59.091	96.86275	77.08584	59.4888
59.131	96.86275	76.05926	59.04062
59.171	96.86275	75.09019	57.55602
59.21	96.86275	74.68584	57.21288
59.248	96.86275	74.4244	57.21288
59.287	96.86275	74.36514	56.86975
59.326	96.86275	73.70283	56.29552
59.366	96.86275	73.67844	56.75771
59.405	96.86275	73.58431	56.51961
59.443	96.86275	73.5634	56.19048
59.483	96.86275	73.15556	55.82633
59.521	96.86275	73.26711	56.05742
59.56	96.86275	73.30196	56.18347
59.599	96.86275	73.2427	55.83333
59.637	96.86275	73.59129	56.52661
59.676	96.86275	73.38736	55.83333
59.716	96.86275	73.52679	56.06442
59.754	96.86275	73.44488	55.83333
59.792	96.86275	73.49891	55.94538
59.832	96.86275	74.10893	56.87675
59.872	96.86275	73.85098	56.42157
59.91	96.86275	73.84576	56.41457
59.949	96.86275	74.10719	56.86975
59.987	96.86275	74.02179	56.28852
60.026	96.86275	74.31285	56.87675
60.064	96.86275	74.30414	57.21288
60.102	96.86275	74.22222	56.64566
60.142	96.86275	74.13856	56.88375
60.18	96.86275	74.04793	56.40756
60.218	96.86275	74.42265	56.7507
60.257	96.86275	74.68235	56.63866
60.297	96.86275	74.24662	56.28852
60.335	96.86275	74.68235	56.86975
60.376	96.86275	74.62658	57.10784
60.415	96.86275	74.99783	57.42997
60.454	96.86275	74.99783	57.42997
60.493	96.86275	74.67886	57.21288
60.531	96.86275	74.65273	57.33193
60.57	96.86275	74.85316	57.32493
60.609	96.86275	74.86013	57.45098
60.647	96.86275	75.40044	57.67507
60.687	96.86275	74.99957	57.10084
60.726	96.86275	75.02396	57.67507
60.766	96.86275	75.34641	57.56303
60.804	96.86275	75.1756	57.33193
60.843	96.86275	75.5451	57.78712
60.884	96.86275	75.34117	57.67507
60.922	96.86275	75.19652	57.33193
60.961	96.86275	75.80131	58.35434
61	96.86275	75.97385	58.58543
61.039	96.86275	75.80479	57.90617
61.078	96.86275	75.65839	57.78712
61.117	96.86275	75.80131	57.57003
61.156	96.86275	76.05926	58.0112
61.194	96.86275	76.03137	58.01821
61.233	96.86275	76.31198	58.68347
61.271	96.86275	75.8902	58.13025
61.309	96.86275	75.7403	58.35434
61.348	96.86275	76.00174	58.0112
61.389	96.86275	76.09063	58.01821
61.427	96.86275	76.40436	58.47339
61.466	96.86275	76.25795	58.12325
61.504	96.86275	76.11678	58.46638
61.542	96.86275	76.59608	58.91457
61.581	96.86275	76.68671	59.03362
61.621	96.86275	76.53333	58.57143
61.659	96.86275	76.65359	58.91457
61.699	96.86275	76.2231	58.34734
61.74	96.86275	76.62745	59.13866
61.778	96.86275	76.68671	58.91457
61.817	96.86275	77.23224	59.83193
61.856	96.86275	77.20087	59.71989
61.896	96.86275	77.02832	59.4888
61.935	96.86275	77.02832	59.4888
61.973	96.86275	77.09107	59.38375
62.013	96.86275	77.05795	59.02661
62.052	96.86275	77.20261	59.26471
62.091	96.86275	77.19913	59.48179
62.13	96.86275	77.05447	59.4888
62.168	96.86275	77.22353	59.70588
62.207	96.86275	77.0597	59.14566
62.246	96.86275	77.08409	59.2507
62.284	96.86275	77.2793	60.04902
62.324	96.86275	77.36993	59.83193
62.362	96.86275	77.3159	60.06303
62.403	96.86275	77.3159	59.83893
62.442	96.86275	77.28453	59.94398
62.48	96.86275	77.22876	59.60084
62.518	96.86275	77.42571	60.39916
62.557	96.86275	77.85796	60.27311
62.596	96.86275	77.43093	60.05602
62.635	96.86275	78.11765	60.63025
62.674	96.86275	77.74466	60.28712
62.713	96.86275	77.48671	59.93697
62.752	96.86275	77.83006	60.28011
62.791	96.86275	77.5756	59.71288
62.829	96.86275	77.88758	60.51821
62.867	96.86275	77.7464	59.83193
62.907	96.86275	77.83006	59.94398
62.947	96.86275	77.88933	60.7563
62.985	96.86275	77.7464	59.83893
63.024	96.86275	78.26231	60.98039
63.062	96.86275	78.23617	60.63726
63.1	96.86275	78.46449	60.86834
63.139	96.86275	78.25882	60.96638
63.177	96.86275	77.88933	60.17507
63.216	96.86275	77.7987	60.63025
63.256	96.86275	78.20827	60.7563
63.294	96.86275	78.20827	60.7563
63.333	96.86275	78.14728	60.74229
63.372	96.86275	78.23617	60.74229
63.412	96.86275	77.94685	60.63025
63.451	96.86275	78.46798	60.98739
63.49	96.86275	78.49412	60.86834
63.529	96.86275	78.2048	60.51821
63.568	96.86275	78.46449	60.97339
63.607	96.86275	78.06362	60.28712
63.646	96.86275	78.8671	61.56163
63.684	96.86275	78.89499	61.55462
63.723	96.86275	78.3756	60.5112
63.763	96.86275	78.80785	61.31653
63.801	96.86275	78.63181	60.85434
63.841	96.86275	78.69804	61.21148
63.881	96.86275	78.8061	61.32353
63.921	96.86275	79.01176	61.67367
63.96	96.86275	78.95251	61.54762
63.999	96.86275	78.66492	61.20448
64.037	96.86275	78.75381	60.98039
64.075	96.86275	78.77821	61.08543
64.114	96.86275	78.89499	61.54762
64.153	96.86275	78.95425	61.66667
64.192	96.86275	79.0658	61.43558
64.231	96.86275	79.06754	61.67367
64.269	96.86275	79.06928	61.79972
64.307	96.86275	79.18431	61.78572
64.346	96.86275	79.12331	62.12885
64.384	96.86275	79.00828	61.32353
64.422	96.86275	79.09892	61.80672
64.463	96.86275	79.40915	62.58403
64.502	96.86275	79.29935	62.02381
64.54	96.86275	79.24009	61.89775
64.579	96.86275	79.09019	61.77871
64.618	96.86275	79.06928	61.54762
64.656	96.86275	79.38126	62.59104
64.695	96.86275	79.23486	61.65966
64.735	96.86275	79.40915	62.24089
64.774	96.86275	79.40915	62.24089
64.813	96.86275	79.17908	61.55462
64.852	96.86275	79.12505	61.78572
64.891	96.86275	79.32723	62.2479
64.93	96.86275	79.40915	62.24089
64.97	96.86275	79.37952	62.24089
65.009	96.86275	79.09542	61.21849
65.048	96.86275	79.29761	62.2549
65.086	96.86275	79.63747	62.58403
65.126	96.86275	79.5573	62.47899
65.165	96.86275	79.41438	62.48599
65.203	96.86275	79.58344	62.59804
65.242	96.86275	79.61308	62.82213
65.282	96.86275	79.72985	63.06723
65.323	96.86275	79.57821	62.59104
65.361	96.86275	79.70197	62.60504
65.4	96.86275	79.55904	62.72409
65.44	96.86275	79.52767	62.59804
65.48	96.86275	79.77865	62.82213
65.518	96.86275	79.52592	62.02381
65.557	96.86275	79.78387	62.93417
65.595	96.86275	79.57996	62.13585
65.634	96.86275	79.46841	61.91177
65.672	96.86275	79.61308	62.35994
65.711	96.86275	79.75773	62.59104
65.75	96.86275	79.69847	62.70308
65.79	96.86275	79.81177	62.58403
65.829	96.86275	79.75948	62.82913
65.867	96.86275	80.13071	63.06023
65.905	96.86275	79.32201	61.78572
65.944	96.86275	79.90066	63.28431
65.984	96.86275	79.70022	62.48599
66.024	96.86275	79.75948	62.59804
66.062	96.86275	79.84139	63.17227
66.102	96.86275	79.69673	62.35994
66.14	96.86275	79.7281	62.71009
66.179	96.86275	79.57124	62.47199
66.217	96.86275	80.0976	63.05322
66.256	96.86275	80.04183	63.16526
66.294	96.86275	80.04183	63.16526
66.333	96.86275	79.9268	62.93417
66.372	96.86275	80.21438	63.16526
66.412	96.86275	79.69324	62.59804
66.451	96.86275	79.9024	62.48599
66.491	96.86275	79.78736	63.06023
66.53	96.86275	79.98431	62.82913
66.569	96.86275	80.0732	63.28431
66.607	96.86275	79.90066	62.82913
66.646	96.86275	80.07495	62.82213
66.685	96.86275	79.78736	63.06023
66.724	96.86275	79.92854	62.93417
66.764	96.86275	80.07146	63.38935
66.804	96.86275	80.18126	63.27731
66.842	96.86275	79.92854	63.05322
66.881	96.86275	79.93028	62.82213
66.919	96.86275	79.78214	62.47199
66.958	96.86275	80.10458	63.17927
66.999	96.86275	80.27015	63.40336
67.038	96.86275	80.13421	62.94818
67.076	96.86275	80.16035	63.52241
67.115	96.86275	80.15686	63.16526
67.154	96.86275	80.38867	63.05322
67.192	96.86275	80.01569	63.17927
67.231	96.86275	80.18475	62.82213
67.269	96.86275	80.18649	63.39636
67.307	96.86275	80.2196	63.17227
67.347	96.86275	80.53507	63.7465
67.385	96.86275	80.18475	63.17227
67.423	96.86275	80.21264	62.94118
67.462	96.86275	80.18998	63.5154
67.502	96.86275	80.18301	63.39636
67.541	96.86275	80.27364	63.28431
67.579	96.86275	80.27364	63.06023
67.619	96.86275	80.18475	63.04622
67.658	96.86275	80.18823	63.29131
67.697	96.86275	80.38867	63.16526
67.736	96.86275	80.41482	63.62745
67.775	96.86275	80.21438	63.40336
67.816	96.86275	80.24575	63.40336
67.855	96.86275	80.53159	63.5084
67.893	96.86275	80.53159	63.5084
67.932	96.86275	80.04008	63.17227
67.972	96.86275	80.47756	63.63445
68.012	96.86275	80.09934	63.05322
68.051	96.86275	80.24227	63.40336
68.09	96.86275	80.2719	62.93417
68.128	96.86275	80.21438	63.17227
68.167	96.86275	80.58562	63.5154
68.206	96.86275	80.67451	63.5084
68.244	96.86275	80.4183	62.71709
68.284	96.86275	80.50022	63.40336
68.323	96.86275	80.44793	63.17227
68.361	96.86275	80.27538	63.06023
68.4	96.86275	80.21264	63.17227
68.439	96.86275	80.12897	62.94118
68.477	96.86275	80.15861	63.17227
68.517	96.86275	80.2196	63.17927
68.556	96.86275	80.73203	63.97759
68.595	96.86275	80.24052	63.05322
68.634	96.86275	80.12724	63.04622
68.673	96.86275	80.47581	63.40336
68.711	96.86275	80.13071	63.17927
68.749	96.86275	80.24749	63.52241
68.789	96.86275	80.24227	63.5084
68.828	96.86275	79.83791	62.82913
68.866	96.86275	80.27015	62.70308
68.907	96.86275	80.42004	63.17227
68.946	96.86275	80.21613	62.93417
68.984	96.86275	80.47408	63.63445
69.024	96.86275	80.23878	62.94818
69.063	96.86275	80.38692	63.40336
69.101	96.86275	80.26841	63.04622
69.14	96.86275	80.1255	63.40336
69.178	96.86275	80.24575	63.17927
69.217	96.86275	79.72114	62.94818
69.256	96.86275	80.2719	63.29131
69.295	96.86275	80.2719	63.52241
69.333	96.86275	80.2719	63.52241
69.372	96.86275	80.56122	63.63445
69.411	96.86275	80.53333	63.7465
69.449	96.86275	80.36079	63.17927
69.488	96.86275	80.18998	63.06023
69.53	96.86275	80.10109	62.94818
69.568	96.86275	80.55948	63.5084
69.607	96.86275	80.2196	63.17927
69.646	96.86275	79.94946	62.93417
69.684	96.86275	80.18126	63.28431
69.723	96.86275	80.0732	63.06023
69.762	96.86275	80.44444	63.63445
69.801	96.86275	80.47233	63.40336
69.842	96.86275	80.61525	63.5154
69.88	96.86275	80.53159	63.5154
69.919	96.86275	80.36253	63.29131
69.957	96.86275	80.38867	63.7465
69.996	96.86275	80.36253	63.41737
70.036	96.86275	80.30327	63.41036
70.075	96.86275	80.27364	63.29131
70.113	96.86275	80.18301	63.17227
70.153	96.86275	80.27538	63.06023
70.191	96.86275	80.30327	63.17927
70.23	96.86275	80.3329	62.94118
70.268	96.86275	80.2196	63.41036
70.306	96.86275	80.01569	62.94818
70.345	96.86275	79.43006	62.60504
70.385	96.86275	80.29978	63.28431
70.423	96.86275	80.38692	63.40336
70.463	96.86275	80.4427	63.5154
70.501	96.86275	80.27364	63.5154
70.541	96.86275	80.52985	63.64146
70.58	96.86275	80.38692	63.40336
70.618	96.86275	80.29978	63.28431
70.657	96.86275	80.27538	63.06023
70.696	96.86275	80.27015	63.27731
70.734	96.86275	80.44618	63.17227
70.773	96.86275	80.44618	63.17227
70.813	96.86275	80.24401	63.17227
70.853	96.86275	80.24052	63.17227
70.891	96.86275	80.41307	63.5154
70.931	96.86275	80.10458	63.17927
70.97	96.86275	80.58736	63.97759
71.009	96.86275	80.62048	63.7535
71.049	96.86275	80.21613	63.06023
71.089	96.86275	80.50196	63.63445
71.127	96.86275	80.03835	63.17227
71.166	96.86275	80.50022	63.7465
71.205	96.86275	80.33115	63.29131
71.244	96.86275	80.35381	63.62745
71.284	96.86275	80.73203	64.20869
71.323	96.86275	80.73376	63.63445
71.361	96.86275	80.59085	63.62745
71.401	96.86275	80.50196	63.41036
71.44	96.86275	80.17429	63.39636
71.478	96.86275	80.61874	63.7535
71.516	96.86275	80.61002	63.7395
71.557	96.86275	80.93072	64.32072
71.595	96.86275	80.84531	64.20168
71.633	96.86275	80.70414	63.63445
71.672	96.86275	80.81569	64.30672
71.712	96.86275	80.73376	63.86555
71.75	96.86275	80.85054	64.32774
71.79	96.86275	80.9621	64.55182
71.829	96.86275	80.70414	63.63445
71.868	96.86275	80.58911	63.85854
71.907	96.86275	80.44618	63.29131
71.946	96.86275	80.8488	63.86555
71.984	96.86275	80.92549	64.30672
72.024	96.86275	81.01786	63.7535
72.064	96.86275	81.02135	64.77591
72.102	96.86275	80.84357	63.7395
72.141	96.86275	80.90632	63.86555
72.179	96.86275	81.10327	63.85854
72.217	96.86275	81.1329	64.20869
72.256	96.86275	81.01612	64.31373
72.295	96.86275	81.08235	64.22269
72.333	96.86275	81.08235	64.22269
72.373	96.86275	81.10501	63.97759
72.412	96.86275	81.15904	64.89496
72.45	96.86275	81.10675	64.20869
72.489	96.86275	81.02135	64.20869
72.528	96.86275	81.13116	64.55182
72.568	96.86275	80.96035	64.08964
72.607	96.86275	80.87669	63.85854
72.646	96.86275	81.13464	64.20869
72.685	96.86275	81.10327	65.01401
72.724	96.86275	81.1085	64.20869
72.763	96.86275	80.90283	64.20168
72.801	96.86275	80.90806	64.32774
72.841	96.86275	81.10675	64.20869
72.88	96.86275	81.13638	64.79692
72.919	96.86275	81.02309	64.08964
72.957	96.86275	81.02135	64.09664
72.997	96.86275	81.27582	64.42577
73.036	96.86275	81.22005	64.20168
73.076	96.86275	81.13638	64.20168
73.115	96.86275	80.92898	63.97759
73.153	96.86275	80.98997	64.32072
73.191	96.86275	81.08061	64.32774
73.23	96.86275	81.09978	64.43278
73.268	96.86275	81.2183	64.43977
73.308	96.86275	81.15904	64.20168
73.346	96.86275	81.13464	64.20869
73.385	96.86275	81.10675	64.43977
73.423	96.86275	81.30719	64.55182
73.462	96.86275	81.30544	64.66386
73.5	96.86275	81.45011	64.54482
73.538	96.86275	80.9621	63.97759
73.579	96.86275	81.1329	65.12605
73.618	96.86275	80.99347	64.08964
73.657	96.86275	81.28104	64.90196
73.696	96.86275	81.16427	64.32072
73.734	96.86275	81.01612	63.97059
73.772	96.86275	81.01612	63.97059
73.811	96.86275	81.04575	64.89496
73.851	96.86275	80.90806	63.86555
73.89	96.86275	81.16253	64.66386
73.93	96.86275	81.22179	64.20869
73.971	96.86275	81.05098	64.20869
74.009	96.86275	80.98649	64.08263
74.048	96.86275	80.9342	63.97059
74.088	96.86275	81.04923	64.43977
74.127	96.86275	81.08061	64.32774
74.166	96.86275	81.10327	64.43278
74.205	96.86275	80.96035	64.31373
74.244	96.86275	80.8488	63.86555
74.283	96.86275	81.16079	64.42577
74.322	96.86275	81.09804	64.64986
74.36	96.86275	81.0719	64.42577
74.399	96.86275	81.39259	65.13305
74.438	96.86275	81.1939	64.09664
74.476	96.86275	81.25142	64.67087
74.515	96.86275	80.90283	63.9846
74.555	96.86275	80.87321	63.97759
74.596	96.86275	81.16427	64.43977
74.634	96.86275	81.24967	64.32072
74.673	96.86275	81.42048	65.2381
74.711	96.86275	80.76514	63.52941
74.75	96.86275	80.76165	63.7535
74.788	96.86275	80.9621	64.43977
74.827	96.86275	80.82092	63.86555
74.867	96.86275	81.33508	64.78291
74.906	96.86275	81.19041	64.43977
74.946	96.86275	80.84531	63.97759
74.985	96.86275	81.16253	64.55182
75.024	96.86275	80.82092	63.63445
75.062	96.86275	81.22005	64.78291
75.102	96.86275	81.33682	65.13305
75.141	96.86275	81.01961	64.43977
75.18	96.86275	80.87843	64.08964
75.218	96.86275	80.75817	63.97759
75.257	96.86275	81.19564	64.78291
75.296	96.86275	80.90632	64.20869
75.334	96.86275	80.81917	64.21568
75.373	96.86275	80.81917	64.21568
75.412	96.86275	81.42048	65.12605
75.451	96.86275	80.84531	63.7465
75.491	96.86275	81.10327	64.32072
75.53	96.86275	81.1085	64.08964
75.57	96.86275	81.19041	64.20168
75.611	96.86275	81.10675	64.43278
75.65	96.86275	80.87495	63.7465
75.689	96.86275	81.30544	64.43278
75.728	96.86275	81.24967	64.20168
75.768	96.86275	80.9586	63.85154
75.808	96.86275	81.04575	64.78291
75.847	96.86275	81.24793	64.43977
75.889	96.86275	81.33333	65
75.929	96.86275	80.84531	63.97759
75.968	96.86275	80.7878	63.63445
76.008	96.86275	80.61874	64.55882
76.047	96.86275	80.76165	63.7465
76.086	96.86275	81.33159	65.35014
76.127	96.86275	80.78954	63.86555
76.166	96.86275	80.70414	63.7465
76.205	96.86275	80.73376	64.20869
76.244	96.86275	80.93246	63.86555
76.282	96.86275	81.50588	65.58823
76.321	96.86275	81.10501	64.32072
76.36	96.86275	80.98649	64.43278
76.398	96.86275	81.04749	64.32072
76.438	96.86275	80.93595	63.97759
76.476	96.86275	81.24619	64.66386
76.515	96.86275	81.07887	64.32072
76.554	96.86275	81.04923	64.32072
76.593	96.86275	81.07713	64.78291
76.633	96.86275	81.16427	64.55182
76.671	96.86275	80.85054	64.32774
76.71	96.86275	80.81569	64.42577
