Time	I.max_1	I.total_1	I.back_1
0	96.86275	91.09193	81.35154
0.041	96.86275	91.09368	81.35154
0.081	96.86275	91.14597	81.34454
0.12	96.86275	91.06231	81.35154
0.159	96.86275	91.20349	81.79972
0.198	96.86275	91.20523	81.23249
0.239	96.86275	91.23486	81.92577
0.279	96.86275	90.97342	81.0084
0.318	96.86275	91.23834	81.58263
0.358	96.86275	91.12157	81.47059
0.397	96.86275	91.37778	81.80672
0.437	96.86275	91.37952	82.04482
0.476	96.86275	91.35338	81.70168
0.515	96.86275	91.26449	81.81373
0.557	96.86275	91.2366	81.82072
0.596	96.86275	91.37604	82.03781
0.635	96.86275	91.26449	82.04482
0.674	96.86275	91.17386	81.68768
0.712	96.86275	91.17735	81.58263
0.752	96.86275	91.09193	81.70168
0.791	96.86275	91.20872	81.58263
0.829	96.86275	91.14945	81.58263
0.87	96.86275	91.26275	81.69468
0.909	96.86275	91.1756	81.58263
0.948	96.86275	91.09019	81.69468
0.987	96.86275	91.12157	81.58263
1.026	96.86275	91.17908	81.70168
1.068	96.86275	91.43355	82.15686
1.107	96.86275	91.17735	81.69468
1.147	96.86275	91.09019	81.57563
1.187	96.86275	91.1512	81.47059
1.226	96.86275	91.14945	81.82072
1.265	96.86275	91.06405	81.58263
1.304	96.86275	91.09019	81.58263
1.342	96.86275	90.97865	81.35854
1.382	96.86275	91.14945	81.46358
1.42	96.86275	90.9194	81.2395
1.459	96.86275	91.06754	81.58964
1.499	96.86275	91.00828	81.35854
1.538	96.86275	91.0658	81.35854
1.578	96.86275	90.94553	80.88235
1.617	96.86275	91.09019	81.69468
1.656	96.86275	90.89324	81.0154
1.694	96.86275	91.06231	81.46358
1.733	96.86275	91.09368	81.47759
1.772	96.86275	91.1512	81.47059
1.811	96.86275	91.12157	81.58263
1.85	96.86275	90.94902	81.12745
1.888	96.86275	90.89324	81.12745
1.927	96.86275	91.06056	81.46358
1.966	96.86275	91.00479	81.23249
2.005	96.86275	91.09193	81.69468
2.043	96.86275	90.97516	81.35154
2.084	96.86275	90.94902	81.12745
2.125	96.86275	91.03094	81.57563
2.164	96.86275	91.09019	81.46358
2.203	96.86275	91.09368	81.58263
2.242	96.86275	91.09368	81.58263
2.281	96.86275	90.94553	81.12045
2.32	96.86275	90.91765	81.12745
2.359	96.86275	90.9194	81.2395
2.398	96.86275	91.11634	81.80672
2.438	96.86275	91.06405	81.47059
2.477	96.86275	91.08846	81.46358
2.516	96.86275	90.97691	81.2395
2.555	96.86275	91.14771	81.69468
2.596	96.86275	91.08672	81.68768
2.634	96.86275	91.00305	81.46358
2.673	96.86275	90.65273	81.12045
2.712	96.86275	91.09368	81.35854
2.752	96.86275	90.74858	81.0084
2.791	96.86275	90.86013	80.88935
2.83	96.86275	90.83224	81.0084
2.868	96.86275	90.74858	80.78432
2.907	96.86275	90.94728	81.2395
2.946	96.86275	90.97691	81.35154
2.984	96.86275	90.80087	80.88935
3.023	96.86275	90.83224	80.89636
3.062	96.86275	90.8915	81.0084
3.104	96.86275	90.91765	81.0084
3.144	96.86275	91.0658	81.58263
3.183	96.86275	90.97168	81.11344
3.221	96.86275	90.9194	81.0084
3.26	96.86275	90.80436	80.77731
3.299	96.86275	90.97342	81.23249
3.337	96.86275	90.97865	81.2395
3.376	96.86275	90.91765	81.12045
3.416	96.86275	90.8061	81.12745
3.454	96.86275	90.71721	80.77731
3.493	96.86275	91.0292	81.56863
3.532	96.86275	90.94902	81.35854
3.57	96.86275	90.74858	80.78432
3.61	96.86275	90.72244	81.2465
3.649	96.86275	90.71896	80.89636
3.688	96.86275	90.9194	81.2395
3.727	96.86275	90.92113	81.47059
3.766	96.86275	90.91765	81.12045
3.805	96.86275	90.92287	81.2395
3.843	96.86275	90.74684	80.89636
3.882	96.86275	90.8061	81.0084
3.921	96.86275	90.8061	81.0084
3.96	96.86275	90.95076	81.2395
3.999	96.86275	90.83224	80.88935
4.039	96.86275	90.86536	81.2465
4.078	96.86275	90.7207	80.55322
4.119	96.86275	90.77821	81.12745
4.159	96.86275	90.94902	81.47059
4.198	96.86275	90.77647	80.66527
4.237	96.86275	90.74858	80.77731
4.276	96.86275	90.86188	81.0084
4.315	96.86275	90.7207	80.78432
4.355	96.86275	90.88802	80.88935
4.394	96.86275	90.92113	81.12745
4.433	96.86275	90.8061	81.2395
4.472	96.86275	90.80436	80.78432
4.511	96.86275	90.74684	80.89636
4.549	96.86275	90.86188	80.89636
4.588	96.86275	90.88976	81.0084
4.629	96.86275	90.74858	81.12745
4.669	96.86275	90.80087	80.77731
4.707	96.86275	90.74684	80.78432
4.746	96.86275	90.80436	81.0084
4.826	96.86275	90.83572	81.2395
4.872	96.86275	90.94553	81.12045
4.916	96.86275	90.77647	80.67226
4.958	96.86275	90.97516	81.23249
4.997	96.86275	90.94553	81.23249
5.036	96.86275	90.80436	81.12045
5.075	96.86275	90.97342	81.23249
5.114	96.86275	90.69107	80.78432
5.155	96.86275	90.8061	80.89636
5.195	96.86275	90.86013	81.12045
5.235	96.86275	90.77821	81.0084
5.274	96.86275	90.80436	81.0084
5.313	96.86275	90.75033	81.0154
5.352	96.86275	90.94728	81.2395
5.391	96.86275	91.90065	82.96219
5.43	96.86275	92.47233	83.88656
5.469	96.86275	93.1085	85.62325
5.508	96.86275	93.22179	85.84734
5.547	96.86275	92.75817	85.03501
5.587	96.86275	91.43181	82.14986
5.625	96.86275	89.31242	78.0182
5.665	96.86275	85.28453	71.10645
5.704	96.86275	78.45403	63.03922
5.743	96.86275	69.97996	55.96638
5.781	90.19608	58.91765	47.61905
5.82	70.98039	50.25882	41.02241
5.859	64.70588	44.29107	35.69328
5.898	58.03922	42.00087	33.76051
5.937	64.70588	43.17385	34.67087
5.976	70.98039	45.80392	34.79692
6.014	77.25491	50.07233	38.14426
6.053	90.19608	53.79869	40.44118
6.092	96.86275	58.27277	43.59244
6.13	96.86275	62.42963	47.15686
6.172	96.86275	65.64706	48.66246
6.212	96.86275	69.17124	51.9958
6.251	96.86275	71.78214	53.97759
6.29	96.86275	74.02004	56.75771
6.328	96.86275	75.87974	58.69048
6.367	96.86275	77.53899	60.39916
6.406	96.86275	79.10065	62.2549
6.445	96.86275	80.04183	62.82913
6.483	96.86275	81.24096	64.65686
6.524	96.86275	81.81612	65.57423
6.562	96.86275	81.98867	65.93137
6.601	96.86275	81.98867	65.93137
6.64	96.86275	82.3024	66.27451
6.681	96.86275	81.64358	65.2381
6.72	96.86275	80.23181	63.85154
6.758	96.86275	78.77299	62.12885
6.797	96.86275	75.79608	59.27871
6.837	96.86275	72.30327	56.29552
6.876	96.86275	66.24837	51.31653
6.915	90.19608	59.82745	46.81372
6.954	77.25491	53.05969	42.19888
6.993	70.98039	47.41961	38.02521
7.032	64.70588	42.92636	33.53642
7.07	58.03922	40.10458	32.03081
7.109	58.03922	40.18998	32.12885
7.149	58.03922	40.82789	32.47899
7.19	64.70588	42.61089	33.18628
7.23	70.98039	45.0597	35.15406
7.269	70.98039	46.54989	35.38515
7.308	77.25491	48.72505	37.33193
7.346	77.25491	50.62135	38.15826
7.385	83.92157	52.08192	39.06863
7.424	90.19608	53.94162	40.79832
7.464	90.19608	55.31852	41.37955
7.502	96.86275	57.60872	43.0042
7.541	96.86275	59.30632	43.82353
7.58	96.86275	60.94117	45.42717
7.619	96.86275	63.03268	47.03782
7.657	96.86275	64.4183	47.72409
7.697	96.86275	66.07059	49.11765
7.736	96.86275	67.4231	50.37815
7.776	96.86275	68.93944	52.35994
7.814	96.86275	69.68365	52.94818
7.853	96.86275	69.65403	52.94118
7.892	96.86275	69.17124	52.59104
7.93	96.86275	68.33289	51.42157
7.969	96.86275	66.02179	50.38515
8.007	96.86275	62.57952	47.96218
8.046	90.19608	57.86841	44.72689
8.086	77.25491	53.04575	40.91737
8.125	70.98039	48.47059	37.35294
8.163	64.70588	43.84139	34.21569
8.206	58.03922	40.59259	31.79972
8.245	58.03922	38.29543	30.32213
8.284	58.03922	38.07756	30.21008
8.323	58.03922	38.44532	30.20308
8.362	58.03922	39.38824	30.88235
8.401	58.03922	39.38824	30.88235
8.44	58.03922	40.04706	31.45658
8.479	64.70588	40.93246	31.57563
8.518	64.70588	42.69281	32.95518
8.557	64.70588	43.73508	33.43137
8.596	70.98039	44.27713	33.53642
8.635	70.98039	45.6244	34.23669
8.674	70.98039	45.86143	34.22269
8.716	77.25491	47.52244	35.28011
8.754	77.25491	48.34684	35.95238
8.793	83.92157	49.29325	36.51961
8.832	83.92157	50.72244	37.42997
8.871	83.92157	51.90588	38.36134
8.91	90.19608	53.50937	39.52381
8.949	90.19608	55.34641	40.46218
8.988	96.86275	57.23922	42.43697
9.028	96.86275	58.30414	43.47339
9.067	96.86275	58.82179	43.80952
9.105	96.86275	60.1342	44.96498
9.144	96.86275	59.93725	44.4958
9.183	96.86275	58.67712	43.81652
9.224	90.19608	56.92723	43.12325
9.263	83.92157	53.39782	40.34314
9.302	77.25491	50.47495	38.37535
9.342	70.98039	47.12331	36.06443
9.38	64.70588	43.68105	33.07423
9.419	64.70588	41.19216	31.56863
9.458	58.03922	38.39128	30.20308
9.496	58.03922	37.66972	29.5098
9.535	58.03922	37.47277	29.7479
9.574	58.03922	37.34902	29.62185
9.613	58.03922	38.12811	29.85995
9.653	58.03922	38.07582	29.39776
9.691	58.03922	38.88105	30.09104
9.731	64.70588	39.56776	30.32213
9.77	64.70588	40.62745	31.0084
9.809	64.70588	41.29673	31.12745
9.852	64.70588	41.69935	31.46358
9.891	64.70588	43.10414	32.39496
9.929	70.98039	44.02092	32.73809
9.969	70.98039	44.94641	32.97619
10.008	70.98039	45.82658	33.31232
10.047	70.98039	46.14727	33.20028
10.085	77.25491	47.86057	35.35714
10.124	77.25491	49.03006	36.28851
10.163	83.92157	50.3878	36.30252
10.202	83.92157	51.58693	38.03221
10.243	83.92157	52.36602	38.27031
10.284	83.92157	53.42397	39.18067
10.323	90.19608	54.19782	40.32913
10.362	83.92157	53.86318	39.64286
10.401	83.92157	53.86318	39.64286
10.44	83.92157	53.36994	39.76191
10.479	83.92157	51.41438	38.13025
10.518	77.25491	49.35948	36.65266
10.557	70.98039	47.43355	35.60224
10.597	70.98039	44.45664	33.30532
10.636	64.70588	42.38432	31.69468
10.675	58.03922	39.44052	29.95798
10.714	58.03922	38.46797	29.5028
10.755	58.03922	37.44139	29.27871
10.793	58.03922	37.01786	28.37535
10.832	58.03922	36.92549	28.70448
10.871	58.03922	37.21482	28.94258
10.911	58.03922	37.5512	29.04762
10.95	58.03922	38.24139	29.38375
10.989	58.03922	39.078	29.85995
11.028	64.70588	39.79608	30.07703
11.066	64.70588	39.85359	29.97899
11.105	64.70588	40.66405	29.97199
11.144	64.70588	41.66797	30.65126
11.183	64.70588	42.01307	31.2395
11.223	70.98039	43.53987	32.28291
11.264	70.98039	43.82745	31.71569
11.304	70.98039	44.8854	32.28992
11.343	70.98039	45.85272	33.19328
11.381	70.98039	46.63529	34.0056
11.42	77.25491	47.78214	34.58683
11.459	77.25491	48.66056	35.23809
11.497	77.25491	49.87016	36.18348
11.537	83.92157	50.70153	37.23389
11.576	83.92157	50.70153	36.9958
11.614	83.92157	50.84619	37.33894
11.652	77.25491	49.92767	36.5126
11.691	77.25491	48.55425	35.72829
11.73	70.98039	47.26797	35.14706
11.77	70.98039	45.57386	33.65546
11.809	64.70588	43.67407	32.14986
11.849	64.70588	41.52505	31.12045
11.887	64.70588	39.6183	30.09104
11.926	58.03922	38.82005	29.16667
11.965	58.03922	37.58431	28.34734
12.003	58.03922	37.87364	29.03361
12.042	58.03922	37.23922	28.70448
12.081	58.03922	37.46928	28.58544
12.119	58.03922	37.46928	28.58544
12.159	58.03922	38.18736	29.27871
12.198	58.03922	38.18562	28.80952
12.237	64.70588	39.10762	29.39075
12.279	64.70588	39.07451	29.27871
12.319	64.70588	40.42527	30.43417
12.358	64.70588	41.06144	29.95798
12.397	70.98039	41.46231	30.42017
12.436	70.98039	42.52898	31.35854
12.476	70.98039	42.81482	31.0014
12.515	70.98039	44.02266	32.39496
12.554	70.98039	44.62222	32.26891
12.593	70.98039	45.31242	32.507
12.631	70.98039	45.94336	33.42437
12.671	70.98039	46.54989	33.66246
12.709	77.25491	47.60785	34.46078
12.748	77.25491	48.37647	34.91597
12.79	77.25491	48.83834	35.4902
12.829	77.25491	49.47451	35.4902
12.867	77.25491	48.84009	35.37815
12.907	77.25491	48.69542	35.71428
12.945	77.25491	47.32549	34.47479
12.984	70.98039	46.41046	33.64846
13.023	70.98039	44.62397	33.06723
13.062	64.70588	42.75207	31.91176
13.101	64.70588	41.63311	30.53221
13.14	64.70588	40.31024	29.97899
13.179	58.03922	39.02919	29.06863
13.217	58.03922	38.84619	29.27171
13.256	58.03922	37.95381	28.57843
13.297	58.03922	38.46972	28.45938
13.336	64.70588	38.19434	28.81652
13.375	64.70588	38.65098	28.58544
13.415	64.70588	38.93508	29.15966
13.453	64.70588	39.39695	29.39075
13.492	64.70588	40.17604	29.61485
13.531	64.70588	40.54728	29.97199
13.569	64.70588	40.89412	29.85995
13.608	64.70588	41.58606	29.97899
13.647	70.98039	42.03922	30.19608
13.685	70.98039	43.078	31.0084
13.726	70.98039	43.62004	31.71569
13.764	70.98039	44.19695	31.70168
13.805	70.98039	44.88366	32.514
13.844	70.98039	45.34379	32.39496
13.883	70.98039	46.12288	32.86415
13.921	77.25491	46.65969	33.65546
13.96	77.25491	46.65969	33.65546
13.999	77.25491	46.8061	33.42437
14.04	77.25491	47.57822	34.79692
14.078	77.25491	47.34815	34.22969
14.117	77.25491	47.57647	34.91597
14.157	70.98039	47.03965	34.80392
14.195	70.98039	45.89107	33.31232
14.234	70.98039	45.45534	33.30532
14.273	70.98039	43.6183	31.92577
14.315	64.70588	42.4732	31.0014
14.356	64.70588	41.72026	31.2395
14.395	64.70588	40.33638	29.39075
14.434	64.70588	39.939	29.97199
14.473	64.70588	39.30806	29.04762
14.512	64.70588	39.49978	29.39075
14.551	64.70588	39.10588	29.5098
14.59	64.70588	38.96296	29.04762
14.628	64.70588	39.31155	29.63585
14.668	64.70588	39.02048	28.34034
14.707	64.70588	40.14466	29.97899
14.746	64.70588	40.62745	29.84594
14.784	64.70588	40.98301	29.86695
14.825	64.70588	41.69935	30.78431
14.867	64.70588	41.72898	30.09104
14.906	70.98039	42.73464	31.02941
14.945	70.98039	43.13726	31.13445
14.984	70.98039	43.61133	32.14986
15.023	70.98039	44.10806	31.93277
15.062	70.98039	44.59608	32.16387
15.101	70.98039	45.19216	32.73109
15.139	70.98039	45.94859	33.31232
15.178	70.98039	46.38606	33.78151
15.222	77.25491	46.89673	34.0056
15.26	70.98039	46.69455	33.65546
15.3	70.98039	46.8915	34.34174
15.341	77.25491	46.71895	34.0056
15.381	70.98039	46.26928	33.55042
15.42	70.98039	45.35425	33.09524
15.458	70.98039	44.39913	32.15686
15.496	70.98039	43.53987	32.05182
15.535	64.70588	42.47669	31.11345
15.574	64.70588	41.72898	30.78431
15.613	64.70588	41.14858	30.09804
15.652	64.70588	40.20044	29.04062
15.691	64.70588	40.06275	29.85294
15.729	64.70588	40.02092	29.15266
15.769	64.70588	39.85185	29.04062
15.807	64.70588	39.88845	29.5098
15.848	64.70588	40.03137	28.91456
15.887	64.70588	40.23181	29.15966
15.926	64.70588	40.3573	29.51681
15.965	64.70588	40.86449	29.73389
16.004	64.70588	41.15207	30.20308
16.043	70.98039	41.49542	29.85294
16.081	70.98039	42.12985	30.53221
16.121	70.98039	42.12985	30.53221
16.16	70.98039	42.90719	30.78431
16.199	70.98039	43.24706	31.0014
16.243	70.98039	44.19347	32.15686
16.282	70.98039	44.85577	32.03782
16.32	70.98039	44.85577	32.03782
16.362	70.98039	45.54771	32.507
16.401	70.98039	46.0061	33.08823
16.44	70.98039	46.0061	33.08823
16.479	70.98039	46.08976	33.19328
16.518	77.25491	46.26231	33.31232
16.558	70.98039	46.31634	34.11064
16.597	70.98039	46.08802	33.40336
16.636	70.98039	45.63311	33.20728
16.675	70.98039	44.71285	32.03782
16.714	70.98039	44.36427	32.03081
16.753	70.98039	43.36209	31.81373
16.792	70.98039	42.64924	31.2465
16.83	64.70588	42.01307	31.0084
16.872	64.70588	41.35599	29.62885
16.911	64.70588	41.17995	30.29412
16.95	64.70588	40.4549	29.61485
16.989	64.70588	40.31895	29.39776
17.028	64.70588	40.48453	29.62885
17.066	64.70588	40.43399	29.51681
17.105	64.70588	40.89238	29.04762
17.144	64.70588	40.80349	29.73389
17.184	64.70588	40.7512	29.5028
17.223	64.70588	41.41351	30.32913
17.261	64.70588	41.72549	30.21008
17.3	70.98039	41.95381	29.83193
17.339	70.98039	42.64401	30.54622
17.38	70.98039	42.81656	30.43417
17.419	70.98039	43.49978	30.7633
17.458	70.98039	43.93377	31.22549
17.498	70.98039	44.62571	32.05182
17.536	70.98039	44.85403	32.507
17.575	70.98039	45.00044	32.15686
17.614	70.98039	45.68541	32.96919
17.652	70.98039	45.9207	32.85714
17.691	70.98039	45.77604	32.86415
17.73	70.98039	45.86318	32.73809
17.768	70.98039	45.72026	32.507
17.808	70.98039	45.6244	32.96919
17.847	70.98039	45.05272	32.38095
17.887	70.98039	44.37124	32.38095
17.926	70.98039	44.16558	32.14986
17.964	64.70588	43.13377	31.01541
18.003	70.98039	42.89499	31.68768
18.042	64.70588	41.92244	30.52521
18.081	64.70588	42.12113	30.65826
18.12	64.70588	42.12113	30.65826
18.159	64.70588	41.43965	30.31513
18.198	64.70588	41.00392	29.96498
18.239	64.70588	40.57865	29.26471
18.277	64.70588	41.03355	29.48879
18.316	64.70588	40.86449	29.39075
18.356	64.70588	40.97952	29.5028
18.398	64.70588	41.01263	29.27871
18.439	70.98039	41.72375	30.09104
18.478	70.98039	41.6366	29.73389
18.516	70.98039	41.92767	29.96498
18.556	70.98039	42.78518	31.23249
18.594	70.98039	42.44532	30.08403
18.633	70.98039	43.15817	31.2395
18.672	70.98039	43.84314	31.10644
18.711	70.98039	44.02266	31.58263
18.751	70.98039	44.45142	32.03782
18.79	70.98039	44.76688	32.38795
18.829	70.98039	45.11024	32.14286
18.867	70.98039	45.72026	32.61905
18.908	70.98039	45.65577	32.73809
18.947	70.98039	45.36993	32.61905
18.986	70.98039	45.68018	33.41737
19.025	70.98039	45.36993	32.85014
19.064	70.98039	44.96732	32.38795
19.103	70.98039	44.739	32.26891
19.142	70.98039	44.33987	31.92577
19.181	70.98039	43.59739	31.36555
19.219	70.98039	43.2488	31.58263
19.258	70.98039	42.4732	30.42017
19.297	64.70588	42.61438	31.12045
19.335	64.70588	41.89281	30.88235
19.375	64.70588	41.38736	29.40476
19.417	64.70588	41.35076	29.61485
19.456	64.70588	41.29673	29.97899
19.495	64.70588	41.33333	30.21709
19.533	64.70588	41.44139	29.97199
19.572	64.70588	41.38213	29.85995
19.611	64.70588	41.54771	30.18207
19.65	64.70588	41.75512	29.97199
19.689	70.98039	42.15773	30.55322
19.728	70.98039	42.58475	31.01541
19.767	70.98039	42.56209	30.54622
19.805	70.98039	43.28017	31.35854
19.847	70.98039	43.50153	31.22549
19.886	70.98039	43.90763	31.58263
19.926	70.98039	44.10806	31.58964
19.965	70.98039	44.28235	31.35854
20.005	70.98039	44.76863	32.514
20.043	70.98039	44.82266	32.04482
20.082	70.98039	45.27756	32.84314
20.121	70.98039	45.26013	32.38795
20.16	70.98039	45.26013	32.38795
20.199	70.98039	45.17299	32.03782
20.238	70.98039	45.51809	32.7451
20.277	70.98039	44.99346	32.39496
20.317	70.98039	45.17299	32.73809
20.356	70.98039	44.59956	32.04482
20.395	70.98039	44.16209	31.57563
20.436	70.98039	43.73333	31.68768
20.476	64.70588	43.04662	31.12045
20.515	70.98039	42.84793	31.35854
20.554	70.98039	42.18736	30.77031
20.593	70.98039	41.69412	29.85294
20.633	64.70588	41.69935	30.30812
20.671	64.70588	41.53028	29.98599
20.711	64.70588	41.72723	30.54622
20.749	64.70588	41.43616	29.60784
20.788	70.98039	41.23747	29.27171
20.827	64.70588	41.80915	30.07703
20.866	70.98039	41.55468	29.62185
20.904	70.98039	41.98344	30.19608
20.946	70.98039	42.44532	30.53922
20.985	70.98039	42.18214	30.08403
21.024	70.98039	43.19303	30.9944
21.063	70.98039	43.12505	30.77031
21.101	70.98039	43.39172	31.34454
21.14	70.98039	43.62179	31.23249
21.179	70.98039	44.07843	31.56863
21.217	70.98039	44.74074	31.92577
21.257	70.98039	44.68845	32.27591
21.296	70.98039	45.25665	32.61205
21.334	70.98039	45.13813	32.15686
21.373	70.98039	45.13638	32.38095
21.412	70.98039	45.2549	32.84314
21.453	70.98039	45.17299	32.62605
21.492	70.98039	44.99869	32.38795
21.531	70.98039	44.94466	32.507
21.57	70.98039	44.33638	32.04482
21.609	70.98039	44.31372	32.05182
21.648	70.98039	43.87625	31.57563
21.686	70.98039	43.38998	31.79972
21.725	70.98039	42.99259	31.58964
21.764	70.98039	42.41569	31.01541
21.803	64.70588	42.21002	30.64426
21.842	64.70588	42.32854	30.66527
21.882	64.70588	42.38605	31.12745
21.921	64.70588	42.38605	31.12745
21.961	70.98039	41.95555	30.43417
22.001	70.98039	42.30066	30.67227
22.04	70.98039	42.30066	30.67227
22.079	70.98039	42.20828	30.42017
22.118	70.98039	43.18954	31.35154
22.157	70.98039	42.69978	30.88936
22.197	70.98039	42.70152	30.66527
22.236	70.98039	43.25229	31.46358
22.275	70.98039	43.50327	31.2395
22.314	70.98039	44.13943	32.28291
22.352	70.98039	43.91111	31.58964
22.392	70.98039	44.05577	32.05182
22.431	70.98039	44.739	32.507
22.473	70.98039	44.59608	32.27591
22.513	70.98039	45.03355	32.7521
22.552	70.98039	45.11024	32.493
22.591	70.98039	44.96732	31.80672
22.63	70.98039	45.40131	32.96919
22.669	70.98039	44.99869	32.5
22.708	70.98039	45.31242	32.73109
22.747	70.98039	44.76688	32.39496
22.785	70.98039	44.34161	31.79972
22.825	70.98039	44.53508	32.486
22.864	70.98039	43.90414	31.22549
22.903	70.98039	43.73856	31.70168
22.941	70.98039	43.41787	31.35854
22.982	70.98039	42.72244	30.7563
23.02	70.98039	42.75904	31.47059
23.059	64.70588	42.4976	31.01541
23.098	64.70588	42.55338	30.65126
23.138	70.98039	42.24314	30.77031
23.176	70.98039	42.30066	30.77731
23.215	70.98039	42.27277	30.30812
23.254	70.98039	42.30066	30.66527
23.292	70.98039	42.61264	31.0084
23.331	70.98039	42.87756	31.01541
23.369	70.98039	42.84967	31.01541
23.408	70.98039	43.4231	31.11345
23.448	70.98039	43.25055	31.12745
23.489	70.98039	43.56601	31.81373
23.528	70.98039	44.02266	31.70168
23.567	70.98039	44.16732	32.03782
23.606	70.98039	44.33987	31.57563
23.644	70.98039	43.90763	31.21849
23.683	70.98039	44.85403	32.5
23.722	70.98039	44.60305	32.5
23.762	70.98039	44.739	32.507
23.801	70.98039	44.9098	32.38795
23.84	70.98039	45.00044	32.04482
23.879	70.98039	45.00044	32.04482
23.918	70.98039	45.14336	32.62605
23.957	70.98039	45.08584	32.62605
23.998	70.98039	44.54379	32.05182
24.037	70.98039	44.62397	32.38095
24.077	70.98039	44.19521	31.92577
24.116	70.98039	43.99477	31.81373
24.155	70.98039	43.93203	31.91176
24.194	70.98039	43.12854	30.87535
24.233	64.70588	42.01656	30.20308
24.272	64.70588	39.9756	29.04762
24.311	64.70588	39.38824	28.56443
24.35	64.70588	38.70501	27.9972
24.39	64.70588	38.55861	27.65406
24.429	64.70588	38.85142	28.23529
24.468	64.70588	38.4732	28.0042
24.509	64.70588	38.87407	27.87115
24.549	64.70588	38.99608	28.12325
24.587	64.70588	38.60915	27.17087
24.626	64.70588	39.078	28.34034
24.665	64.70588	38.96122	27.7451
24.705	64.70588	39.42832	28.34034
24.744	64.70588	39.30632	27.9972
24.783	64.70588	38.87059	27.63305
24.821	64.70588	38.9403	28.2423
24.86	64.70588	38.98737	28.10224
24.899	64.70588	39.36558	28.10224
24.937	64.70588	39.28017	28.22829
24.976	64.70588	39.30458	27.64706
25.018	64.70588	39.18954	28.21428
25.056	64.70588	39.44575	27.98319
25.095	64.70588	39.80131	28.70448
25.134	64.70588	39.39521	28.10925
25.172	64.70588	39.50501	28.10224
25.211	64.70588	39.42135	28.34034
25.25	64.70588	39.17211	28.0042
25.288	64.70588	39.82571	28.68348
25.327	64.70588	39.45969	28.59944
25.366	64.70588	39.59913	28.0042
25.405	64.70588	39.70893	28.23529
25.444	64.70588	39.82222	28.22129
25.483	64.70588	39.93725	28.57843
25.524	64.70588	39.87799	28.57143
25.563	64.70588	39.53464	27.52101
25.602	64.70588	39.88671	28.92857
25.642	64.70588	39.64619	28.09524
25.681	64.70588	39.99477	28.68348
25.721	64.70588	39.76819	28.92157
25.76	64.70588	39.76819	28.92157
25.799	64.70588	39.85185	28.33333
25.838	64.70588	39.76993	28.45238
25.877	64.70588	39.85359	28.69748
25.916	64.70588	40.51242	29.15966
25.955	64.70588	39.7403	28.23529
25.994	64.70588	39.88845	28.68348
26.035	64.70588	39.73682	28.10925
26.074	64.70588	39.71416	28.34734
26.113	64.70588	40.37299	29.03361
26.152	64.70588	39.68105	28.11625
26.191	64.70588	39.94248	28.68348
26.23	64.70588	39.85359	27.85714
26.27	64.70588	39.99477	28.57143
26.309	64.70588	40.60305	29.27871
26.348	64.70588	39.70719	28.20728
26.386	64.70588	39.93203	28.56443
26.425	64.70588	39.91634	28.22129
26.464	64.70588	39.79085	28.10224
26.503	64.70588	40.29107	28.91456
26.544	64.70588	39.83094	28.57843
26.585	64.70588	39.88148	28.10224
26.624	64.70588	39.87103	28.66247
26.662	64.70588	39.96165	28.43838
26.702	64.70588	40.11329	28.33333
26.74	64.70588	39.76296	28.08824
26.779	64.70588	39.90937	27.87115
26.818	64.70588	40.11329	28.55742
26.856	64.70588	39.96514	28.21428
26.896	64.70588	40.3451	28.92157
26.935	64.70588	40.11155	28.79552
26.973	64.70588	40.21612	28.66947
27.012	64.70588	40.40087	29.02661
27.053	64.70588	40.12026	28.70448
27.091	64.70588	40.11503	28.56443
27.129	64.70588	39.97037	28.22129
27.168	64.70588	39.79433	27.98319
27.208	64.70588	40.36601	28.56443
27.246	64.70588	39.5939	27.87115
27.285	64.70588	40.17429	28.56443
27.324	64.70588	39.8414	28.20028
27.362	64.70588	40.31024	28.79552
27.402	64.70588	39.9634	27.5
27.44	64.70588	40.31373	28.79552
27.479	64.70588	40.31373	28.79552
27.519	64.70588	40.4915	29.15266
27.56	64.70588	39.939	28.32633
27.6	64.70588	39.939	28.32633
27.639	64.70588	39.88148	27.7521
27.678	64.70588	39.87974	27.97619
27.717	64.70588	40.34336	29.03361
27.757	64.70588	39.99303	28.20728
27.796	64.70588	40.22309	28.55742
27.836	64.70588	40.08017	28.08824
27.875	64.70588	39.58867	28.10925
27.914	64.70588	40.13943	29.04062
27.953	64.70588	40.02789	28.68348
27.992	64.70588	40.25795	28.80252
28.031	64.70588	40.3207	29.16667
28.071	64.70588	39.67756	28.22129
28.11	64.70588	40.25447	28.69048
28.15	64.70588	39.67233	28.10224
28.189	64.70588	40.22309	28.44538
28.229	64.70588	40.37299	28.91456
28.268	64.70588	39.73856	28.45938
28.307	64.70588	39.96688	28.80252
28.345	64.70588	40.31198	29.15266
28.384	64.70588	39.97211	28.44538
28.423	64.70588	40.40087	29.03361
28.463	64.70588	39.76819	28.10925
28.502	64.70588	39.99477	28.79552
28.54	64.70588	40.25621	28.92157
28.581	64.70588	40.02266	28.21428
28.621	64.70588	40.11155	28.79552
28.66	64.70588	40.14815	28.57143
28.698	64.70588	40.09063	29.04062
28.738	64.70588	40.14118	28.79552
28.778	64.70588	39.99651	28.22129
28.816	64.70588	39.81699	28.66247
28.855	64.70588	39.4963	27.493
28.894	64.70588	39.78736	28.21428
28.932	64.70588	39.67756	27.97619
28.971	64.70588	39.79085	28.08824
29.009	64.70588	40.04706	28.66947
29.048	64.70588	40.02266	28.45238
29.09	64.70588	40.22832	29.01961
29.128	64.70588	39.70719	28.09524
29.167	64.70588	40.05229	28.90756
29.206	64.70588	39.90065	28.31232
29.244	64.70588	39.56601	27.7591
29.283	64.70588	39.6183	28.21428
29.322	64.70588	39.36035	27.64005
29.361	64.70588	39.41787	27.7451
29.4	64.70588	39.99651	28.67647
29.44	64.70588	39.99651	28.67647
29.479	64.70588	39.62004	27.63305
29.518	64.70588	39.5573	27.87115
29.557	64.70588	39.82745	28.34034
29.598	64.70588	39.61656	27.85014
29.638	64.70588	39.79608	28.21428
29.677	64.70588	40.0244	28.57143
29.717	64.70588	39.67059	27.98319
29.757	64.70588	39.79782	28.45238
29.796	64.70588	39.72985	28.20028
29.835	64.70588	39.94423	28.32633
29.874	64.70588	39.71067	27.87115
29.913	64.70588	39.84837	27.98319
29.952	64.70588	39.81874	28.32633
29.991	64.70588	39.79085	28.32633
30.031	64.70588	39.93377	27.97619
30.07	64.70588	39.39346	27.76611
30.111	64.70588	39.88148	28.34034
30.15	64.70588	39.53464	27.7521
30.189	64.70588	39.96514	28.56443
30.227	64.70588	39.93203	28.66247
30.266	64.70588	39.88322	28.57143
30.305	64.70588	39.76122	28.55742
30.345	64.70588	39.87451	27.7451
30.384	64.70588	39.64967	28.21428
30.423	64.70588	39.75948	27.61205
30.462	64.70588	39.82396	28.10224
30.5	64.70588	39.59564	28.33333
30.539	64.70588	39.61307	27.51401
30.578	64.70588	39.82222	28.44538
30.619	64.70588	39.32898	28.21428
30.659	64.70588	39.75774	28.43838
30.698	64.70588	39.73682	28.55042
30.737	64.70588	39.47364	27.9902
30.776	64.70588	39.32898	27.73809
30.814	64.70588	39.7037	28.31232
30.853	64.70588	39.52941	28.09524
30.892	64.70588	39.73856	28.57143
30.93	64.70588	39.53638	28.34034
30.97	64.70588	39.3586	27.62605
31.009	64.70588	39.33072	27.73809
31.047	64.70588	39.33072	27.7451
31.086	64.70588	39.75948	27.97619
31.127	64.70588	39.47887	28.33333
31.165	64.70588	39.64793	28.34034
31.204	64.70588	39.99303	28.78852
31.243	64.70588	39.79085	28.43137
31.283	64.70588	39.96688	28.33333
31.321	64.70588	39.64967	28.34034
31.361	64.70588	39.46841	27.26891
31.4	64.70588	39.46841	27.26891
31.439	64.70588	39.82048	28.66947
31.478	64.70588	39.59042	27.86415
31.517	64.70588	39.69673	28.41737
31.556	64.70588	39.24357	27.52101
31.596	64.70588	39.50676	28.55742
31.637	64.70588	39.29237	27.38095
31.677	64.70588	39.33246	28.09524
31.716	64.70588	39.61481	27.86415
31.755	64.70588	39.24183	27.73809
31.794	64.70588	39.50153	28.20028
31.833	64.70588	39.55381	27.95518
31.872	64.70588	39.67756	28.08824
31.912	64.70588	39.7891	28.08824
31.951	64.70588	39.33072	27.51401
31.99	64.70588	39.76645	28.21428
32.028	64.70588	39.70022	27.61905
32.067	64.70588	39.85534	27.7521
32.106	64.70588	39.64619	28.09524
32.147	64.70588	39.26797	27.16387
32.186	64.70588	39.4719	27.7451
32.226	64.70588	39.76645	27.7521
32.265	64.70588	39.7281	28.08123
32.303	64.70588	39.82222	28.20728
32.342	64.70588	39.44575	27.98319
32.381	64.70588	39.50327	27.7521
32.419	64.70588	39.85534	28.34034
32.458	64.70588	39.56078	27.97619
32.497	64.70588	39.84488	28.55042
32.537	64.70588	39.04139	27.51401
32.576	64.70588	39.38301	27.85714
32.615	64.70588	39.5085	28.44538
32.656	64.70588	39.27146	27.73109
32.696	64.70588	39.73333	28.78852
32.735	64.70588	39.1878	27.40196
32.773	64.70588	39.26797	27.15686
32.812	64.70588	39.38126	28.20728
32.851	64.70588	39.34815	27.62605
32.89	64.70588	39.55904	28.08123
32.929	64.70588	39.04314	27.61905
32.967	64.70588	39.06928	27.38795
33.006	64.70588	39.49804	27.85014
33.045	64.70588	39.23834	27.14986
33.084	64.70588	39.45098	27.86415
33.122	64.70588	38.86362	27.03081
33.164	64.70588	38.95599	26.92577
33.203	64.70588	39.26972	28.10224
33.241	64.70588	39.20871	27.17087
33.281	64.70588	39.38824	27.98319
33.319	64.70588	39.38824	27.98319
33.359	64.70588	38.98039	27.507
33.397	64.70588	38.98562	27.39496
33.436	64.70588	39.33246	27.86415
33.477	64.70588	39.33072	27.63305
33.515	64.70588	39.35338	27.61905
33.554	64.70588	39.06754	27.97619
33.593	64.70588	39.01699	27.5
33.632	64.70588	39.3586	27.9902
33.674	64.70588	39.37952	27.26191
33.713	64.70588	39.29935	27.5
33.752	64.70588	38.98039	27.63305
33.792	64.70588	39.09542	27.62605
33.831	64.70588	39.36558	28.09524
33.87	64.70588	39.33072	27.73809
33.909	64.70588	39.44052	28.08824
33.948	64.70588	38.71721	26.80672
33.987	64.70588	39.18606	27.7451
34.026	64.70588	39.2122	27.62605
34.064	64.70588	39.44401	27.86415
34.104	64.70588	39.44401	27.7451
34.143	64.70588	38.92636	26.70168
34.184	64.70588	39.44575	28.20028
34.223	64.70588	39.29935	28.08123
34.262	64.70588	39.2366	27.38095
34.301	64.70588	39.2976	27.16387
34.339	64.70588	38.91764	26.90476
34.378	64.70588	39.18083	27.507
34.418	64.70588	39.32723	27.85014
34.457	64.70588	39.5573	27.39496
34.496	70.98039	45.23399	32.40196
34.534	77.25491	49.64009	36.08543
34.573	77.25491	50.29891	36.54062
34.612	70.98039	47.44401	34.81793
34.65	70.98039	43.62701	32.17087
34.691	64.70588	40.31895	29.86695
34.732	58.03922	37.29499	27.62605
34.771	58.03922	35.51024	26.13445
34.809	58.03922	34.61961	25.78431
34.848	58.03922	34.24314	25.65126
34.887	58.03922	34.76601	26.01541
34.925	58.03922	35.01351	25.78431
34.964	58.03922	36.36253	26.45658
35.003	64.70588	37.06144	27.51401
35.042	64.70588	38.09847	27.9902
35.082	64.70588	39.07625	28.34034
35.121	64.70588	40.32418	28.92857
35.159	64.70588	40.32418	28.92857
35.2	70.98039	42.73464	30.66527
35.239	70.98039	42.73464	30.66527
35.278	70.98039	43.56601	31.35854
35.317	70.98039	44.9098	32.28291
35.357	77.25491	45.53725	32.61205
35.396	77.25491	47.74728	35.02801
35.435	77.25491	48.03137	34.68487
35.474	77.25491	49.03529	36.18348
35.513	77.25491	49.69412	36.17647
35.552	77.25491	49.54946	35.94538
35.591	77.25491	48.75294	35.84034
35.629	70.98039	46.72244	34.0056
35.669	70.98039	44.28061	32.62605
35.711	64.70588	41.78475	31.0084
35.751	64.70588	38.98388	28.66947
35.789	58.03922	37.05621	27.7521
35.829	58.03922	35.94074	27.39496
35.867	58.03922	35.28192	27.17087
35.906	58.03922	35.42135	27.14986
35.945	58.03922	35.47364	26.68067
35.985	58.03922	36.49499	28.21428
36.024	58.03922	37.40654	28.08123
36.064	64.70588	37.97996	28.78151
36.103	64.70588	39.51721	29.71289
36.141	64.70588	40.54902	30.52521
36.18	64.70588	41.81961	32.02381
36.221	70.98039	42.8427	32.59103
36.259	70.98039	43.47015	32.92717
36.299	77.25491	45.36993	35.27311
36.338	77.25491	46.31634	35.62325
36.377	77.25491	48.00872	37.01681
36.416	77.25491	49.07364	36.92577
36.454	83.92157	49.46231	36.77171
36.493	83.92157	50.67538	37.83613
36.532	83.92157	50.36166	37.10784
36.57	77.25491	49.69761	36.87675
36.61	77.25491	48.4183	35.83333
36.649	70.98039	46.0915	33.66246
36.687	70.98039	44.56819	33.41737
36.728	64.70588	41.83878	31.23249
36.768	64.70588	40.17081	30.42017
36.807	58.03922	38.4122	28.92157
36.845	58.03922	37.32113	28.35434
36.884	58.03922	37.21307	28.57843
36.924	58.03922	37.03529	27.86415
36.962	58.03922	38.10022	29.26471
37.001	58.03922	38.58824	29.26471
37.04	64.70588	39.38998	29.71289
37.079	64.70588	39.38998	29.71289
37.118	64.70588	40.61002	30.65126
37.157	64.70588	41.84052	30.77031
37.196	70.98039	43.62353	32.39496
37.237	70.98039	44.71285	32.7451
37.276	77.25491	45.94684	33.55742
37.315	77.25491	47.48933	34.92997
37.354	77.25491	48.55076	35.15406
37.393	83.92157	50.29891	37.21989
37.432	83.92157	51.01351	37.22689
37.471	83.92157	51.36209	37.56303
37.51	83.92157	52.10458	38.38235
37.55	83.92157	52.16383	38.13726
37.589	83.92157	51.52941	38.4944
37.628	83.92157	50.58649	37.45798
37.666	77.25491	49.07364	36.41457
37.705	70.98039	47.58519	35.39216
37.747	70.98039	45.23399	33.66246
37.786	64.70588	43.5329	32.60504
37.825	64.70588	41.71503	31.33753
37.865	64.70588	40.25272	30.18207
37.904	64.70588	39.71067	30.88936
37.943	58.03922	39.27494	29.62885
37.982	64.70588	39.82396	30.29412
38.021	64.70588	40.22309	31.0084
38.059	64.70588	40.80174	30.29412
38.098	64.70588	41.95904	31.93978
38.137	70.98039	43.45098	33.09524
38.175	70.98039	44.98998	33.65546
38.216	70.98039	45.99739	34.12465
38.257	77.25491	47.11983	34.81092
38.295	77.25491	49.18693	37.0028
38.334	83.92157	50.58823	37.34594
38.373	83.92157	52.33812	38.61345
38.411	83.92157	52.53682	38.83754
38.45	90.19608	53.39608	38.84454
38.49	90.19608	54.51852	40.47619
38.528	90.19608	54.4366	40.2451
38.567	90.19608	54.4	40.12605
38.606	83.92157	53.17124	40.007
38.644	83.92157	51.81699	38.71849
38.683	77.25491	50.84096	37.90616
38.723	77.25491	49.18693	36.52661
38.764	70.98039	47.75076	35.95938
38.805	70.98039	45.69761	34.23669
38.843	64.70588	44.02266	33.31232
38.882	64.70588	43.3586	32.95518
38.921	64.70588	42.6963	32.14986
38.96	64.70588	42.64227	32.72409
38.998	64.70588	42.64227	32.72409
39.037	64.70588	42.69978	32.38795
39.076	64.70588	43.07451	32.26191
39.115	70.98039	44.13943	33.55042
39.155	70.98039	44.98824	33.64846
39.194	70.98039	47.03268	35.4972
39.233	77.25491	47.48933	36.06443
39.274	77.25491	49.35251	36.76471
39.313	83.92157	50.75555	37.68908
39.352	83.92157	52.08017	38.4944
39.391	90.19608	54.28846	40.45518
39.431	90.19608	55.09019	40.93137
39.47	90.19608	55.83094	41.26751
39.509	96.86275	56.6292	42.31793
39.548	96.86275	56.86972	42.55602
39.587	96.86275	57.54946	42.9972
39.625	90.19608	57.06841	43.11625
39.665	90.19608	56.0366	42.19888
39.703	83.92157	54.88453	41.14846
39.742	83.92157	53.16776	39.7549
39.784	83.92157	51.90762	39.18768
39.824	77.25491	50.21874	37.80112
39.863	70.98039	48.67974	36.88375
39.903	70.98039	47.15991	35.51821
39.941	70.98039	46.21176	34.81793
39.98	70.98039	45.74815	34.93697
40.018	70.98039	45.48845	34.57283
40.058	70.98039	45.37516	34.35574
40.096	70.98039	46.20479	34.58683
40.135	70.98039	46.91765	35.27311
40.173	77.25491	48.20915	35.95938
40.211	77.25491	49.72723	37.33894
40.25	83.92157	51.3098	38.15826
40.29	83.92157	52.68845	39.65686
40.328	90.19608	54.08802	39.986
40.367	90.19608	55.95294	41.73669
40.407	96.86275	57.1817	42.44398
40.445	96.86275	58.58126	43.57843
40.484	96.86275	59.41264	43.93557
40.522	96.86275	59.73682	44.16667
40.56	96.86275	60.07146	44.73389
40.599	96.86275	59.70544	44.7479
40.638	96.86275	59.70544	44.7479
40.677	96.86275	59.24532	44.5028
40.716	96.86275	58.4122	44.04062
40.755	90.19608	56.89238	42.87115
40.796	90.19608	56.12201	42.76611
40.836	83.92157	54.42614	41.14846
40.875	83.92157	52.96384	39.986
40.914	77.25491	51.64793	39.29972
40.952	77.25491	50.10196	37.91317
40.991	77.25491	49.50588	37.80812
41.03	77.25491	48.72854	37.11485
41.069	77.25491	48.75468	37.09384
41.108	77.25491	49.10501	37.45798
41.146	77.25491	49.24445	37.21989
41.185	77.25491	50.41568	38.02521
41.224	83.92157	51.52767	38.71149
41.262	83.92157	52.85054	39.63585
41.302	90.19608	54.8549	41.14846
41.342	96.86275	56.43573	42.31092
41.38	96.86275	57.83355	43.22829
41.419	96.86275	59.24357	44.16667
41.457	96.86275	60.42179	45.08403
41.496	96.86275	61.9207	46.58964
41.534	96.86275	62.31808	47.38795
41.573	96.86275	62.7207	46.81372
41.611	96.86275	62.57255	47.03081
41.65	96.86275	62.42614	46.91877
41.689	96.86275	62.25708	47.38095
41.727	96.86275	61.19738	46.57563
41.765	96.86275	60.33464	46.11345
41.807	96.86275	58.78867	44.28572
41.846	90.19608	57.44313	44.04762
41.884	90.19608	56.4915	43.22129
41.923	83.92157	55.03617	41.96078
41.962	83.92157	54.17516	41.73669
42	83.92157	52.56645	39.88095
42.039	83.92157	52.42178	39.7549
42.078	83.92157	52.42178	39.7549
42.117	83.92157	52.54031	39.986
42.155	83.92157	52.68497	40
42.194	83.92157	53.19739	40.44818
42.233	90.19608	54.2658	41.5056
42.273	90.19608	55.31329	41.96078
42.313	96.86275	57.06492	43.58543
42.352	96.86275	58.34771	44.28572
42.39	96.86275	60.08017	45.08403
42.43	96.86275	61.17473	46.12745
42.469	96.86275	62.05839	46.70168
42.508	96.86275	63.35163	47.38795
42.546	96.86275	64.26841	48.64846
42.586	96.86275	64.86623	49.10364
42.624	96.86275	64.55773	48.42437
42.663	96.86275	64.76166	48.89356
42.702	96.86275	64.24924	48.43838
42.74	96.86275	63.95991	48.66246
42.779	96.86275	63.49107	48.07423
42.819	96.86275	62.28845	47.27591
42.859	96.86275	61.6854	47.04482
42.898	96.86275	60.59782	46.12045
42.937	96.86275	59.53115	45.07703
42.975	96.86275	58.23617	44.72689
43.014	90.19608	56.66928	43.57843
43.052	90.19608	56.80697	43.91457
43.09	90.19608	56.01394	43.36134
43.129	90.19608	55.97909	43.0042
43.167	90.19608	56.23181	43.22129
43.207	90.19608	56.15512	42.42997
43.245	96.86275	57.77952	44.04062
43.284	96.86275	58.46972	44.85294
43.324	96.86275	59.6793	45.09804
43.362	96.86275	60.90981	46.01541
43.401	96.86275	62.03224	46.82073
43.439	96.86275	63.72113	47.96919
43.478	96.86275	64.78257	48.9986
43.518	96.86275	64.78257	48.9986
43.557	96.86275	65.50414	49.57983
43.595	96.86275	65.98344	49.68487
43.634	96.86275	65.98518	50.38515
43.673	96.86275	66.95425	50.86134
43.712	96.86275	66.6963	50.74229
43.75	96.86275	66.39478	50.28011
43.789	96.86275	65.93464	50.04902
43.831	96.86275	65.09978	49.46779
43.871	96.86275	64.52636	48.9986
43.909	96.86275	63.37952	48.30532
43.948	96.86275	62.68932	47.85714
43.986	96.86275	61.9085	47.61905
44.025	96.86275	60.64837	45.88936
44.064	96.86275	60.36078	45.89636
44.102	96.86275	59.53115	45.65826
44.142	96.86275	59.32723	44.84594
44.18	96.86275	59.55904	45.77031
44.219	96.86275	59.39172	44.86695
44.257	96.86275	60.10283	46.0084
44.295	96.86275	60.85577	46.2465
44.336	96.86275	61.77603	47.26891
44.374	96.86275	62.6353	47.61905
44.412	96.86275	63.74902	48.29832
44.452	96.86275	64.52113	49.11765
44.49	96.86275	65.49717	50.03502
44.529	96.86275	66.30414	50.27311
44.567	96.86275	66.78344	50.84034
44.606	96.86275	67.24706	51.07843
44.644	96.86275	67.76645	51.31653
44.683	96.86275	67.68279	51.55462
44.721	96.86275	67.41787	51.08543
44.76	96.86275	67.33072	51.20448
44.799	96.86275	66.96296	50.96638
44.84	96.86275	66.78867	50.62325
44.879	96.86275	66.13333	50.39216
44.918	96.86275	66.13333	50.39216
44.957	96.86275	65.33334	49.92997
44.996	96.86275	64.53159	49.46078
45.035	96.86275	63.84662	48.54342
45.074	96.86275	63.6671	48.65546
45.113	96.86275	62.86884	47.97619
45.152	96.86275	62.52375	47.40897
45.19	96.86275	62.17342	47.38095
45.229	96.86275	62.26231	47.27591
45.268	96.86275	62.63181	47.61905
45.306	96.86275	63.06231	47.38095
45.346	96.86275	63.80653	48.42437
45.385	96.86275	64.2353	48.64146
45.425	96.86275	65.04052	49.11064
45.463	96.86275	65.78823	50.02801
45.502	96.86275	66.33377	50.4972
45.54	96.86275	67.0536	51.08543
45.579	96.86275	67.70719	51.77871
45.617	96.86275	67.88322	51.42857
45.657	96.86275	68.4305	52.71009
45.695	96.86275	68.54205	52.24089
45.734	96.86275	68.39912	52.0098
45.773	96.86275	68.39738	52.0098
45.811	96.86275	68.01917	51.54762
45.852	96.86275	68.01569	52.12885
45.892	96.86275	67.55904	51.21148
45.93	96.86275	67.10239	50.5042
45.968	96.86275	66.92985	50.96638
46.007	96.86275	66.61786	50.84734
46.047	96.86275	66.278	50.63025
46.085	96.86275	65.90327	50.27311
46.124	96.86275	65.67495	50.38515
46.162	96.86275	65.04575	49.57983
46.2	96.86275	64.81046	48.87255
46.239	96.86275	65.16253	50.28011
46.278	96.86275	64.92723	49.81092
46.316	96.86275	64.92723	49.81092
46.358	96.86275	65.38387	50.14706
46.397	96.86275	66.30239	50.84734
46.436	96.86275	66.53943	50.84734
46.474	96.86275	67.47887	51.77871
46.513	96.86275	67.59042	51.65966
46.552	96.86275	67.70893	51.65966
46.591	96.86275	68.74422	52.58403
46.629	96.86275	68.77386	52.46499
46.669	96.86275	69.43268	52.92717
46.708	96.86275	69.63137	53.15826
46.746	96.86275	69.22701	52.69608
46.785	96.86275	69.1451	52.94118
46.823	96.86275	69.17822	52.94818
46.865	96.86275	69.51633	53.16526
46.904	96.86275	68.20392	51.90476
46.942	96.86275	68.1342	51.89075
46.982	96.86275	68.48104	52.58403
47.021	96.86275	67.67931	51.33053
47.059	96.86275	68.22135	52.0168
47.098	96.86275	67.36035	51.42857
47.136	96.86275	67.01699	50.85434
47.174	96.86275	67.24706	51.19748
47.213	96.86275	67.07277	51.20448
47.252	96.86275	67.3952	51.54062
47.291	96.86275	67.16166	51.30252
47.329	96.86275	67.28017	51.43558
47.37	96.86275	67.50327	51.30252
47.408	96.86275	68.08192	51.77871
47.447	96.86275	68.45316	52.22689
47.485	96.86275	68.42876	52.57703
47.523	96.86275	68.83311	52.82213
47.562	96.86275	69.11721	52.92717
47.602	96.86275	69.34902	53.05322
47.64	96.86275	69.75163	53.39636
47.679	96.86275	69.72026	53.39636
47.717	96.86275	69.72026	53.39636
47.756	96.86275	69.92419	53.04622
47.795	96.86275	70.1525	53.85854
47.834	96.86275	69.722	53.16526
47.876	96.86275	69.80566	53.64146
47.917	96.86275	70.09499	53.86555
47.955	96.86275	69.49194	53.04622
47.994	96.86275	69.31764	52.82213
48.033	96.86275	69.20087	52.69608
48.071	96.86275	69.34727	53.05322
48.11	96.86275	68.62745	52.48599
48.149	96.86275	68.79826	52.71009
48.188	96.86275	68.88192	52.81513
48.228	96.86275	68.88366	52.47899
48.266	96.86275	68.91328	52.68908
48.305	96.86275	69.02484	52.81513
48.344	96.86275	69.08584	53.15826
48.384	96.86275	69.05447	52.80812
48.423	96.86275	69.37691	52.81513
48.461	96.86275	69.34554	53.38935
48.499	96.86275	69.74641	53.5014
48.539	96.86275	69.60522	52.93417
48.578	96.86275	69.68889	53.28431
48.616	96.86275	70.00784	53.27731
48.655	96.86275	70.00784	53.62745
48.694	96.86275	70.1525	53.64146
48.733	96.86275	70.21525	53.7535
48.773	96.86275	70.23792	53.7535
48.812	96.86275	70.12113	53.5084
48.851	96.86275	69.83356	53.05322
48.892	96.86275	70.1804	53.7395
48.931	96.86275	70.06536	53.40336
48.97	96.86275	70.01308	53.41036
49.008	96.86275	69.95033	53.16526
49.047	96.86275	69.74641	53.05322
49.085	96.86275	69.52505	52.94818
49.124	96.86275	69.74989	52.94818
49.163	96.86275	69.66274	52.82213
49.201	96.86275	69.86143	53.27731
49.24	96.86275	69.83704	53.7465
49.279	96.86275	69.63486	52.69608
49.317	96.86275	69.63486	52.69608
49.356	96.86275	69.92244	53.7535
49.397	96.86275	69.95381	53.63445
49.435	96.86275	69.97996	53.5154
49.475	96.86275	70.29717	53.63445
49.514	96.86275	70.14553	53.5084
49.553	96.86275	70.49412	53.97759
49.591	96.86275	70.49412	54.44678
49.63	96.86275	70.43486	53.62745
49.669	96.86275	70.35468	53.7535
49.708	96.86275	70.43835	53.87255
49.746	96.86275	70.55338	53.63445
49.786	96.86275	70.40871	54.10364
49.825	96.86275	70.46623	53.7395
49.863	96.86275	70.38432	53.87955
49.904	96.86275	70.34946	53.39636
49.944	96.86275	70.49412	53.7395
49.983	96.86275	70.38083	53.28431
50.021	96.86275	70.08976	53.5154
50.059	96.86275	70.4976	53.86555
50.099	96.86275	69.97647	52.92017
50.138	96.86275	70.29368	53.16526
50.176	96.86275	70.17865	53.39636
50.215	96.86275	69.84226	52.82913
50.253	96.86275	70.00784	53.15826
50.291	96.86275	69.91721	53.16526
50.33	96.86275	70.23617	53.16526
50.369	96.86275	70.92461	54.43977
50.41	96.86275	70.95425	54.20869
50.449	96.86275	71.04314	54.45378
50.487	96.86275	70.92811	54.10364
50.526	96.86275	70.77996	54.20869
50.564	96.86275	70.60741	53.63445
50.603	96.86275	71.21569	54.78991
50.641	96.86275	70.58126	53.7465
50.68	96.86275	70.31982	53.62745
50.72	96.86275	70.43486	53.04622
50.758	96.86275	70.43486	53.04622
50.796	96.86275	70.34946	53.27731
50.835	96.86275	70.21176	53.40336
50.874	96.86275	70.03399	53.04622
50.915	96.86275	69.97996	53.40336
50.955	96.86275	69.77081	53.16526
50.994	96.86275	69.77778	53.16526
51.034	96.86275	69.92593	53.05322
51.072	96.86275	70.06885	53.39636
51.111	96.86275	69.94859	52.92717
51.15	96.86275	70.03225	53.38935
51.189	96.86275	70.40871	53.62745
51.227	96.86275	70.75033	53.97759
51.266	96.86275	70.57952	53.40336
51.305	96.86275	70.64053	53.86555
51.344	96.86275	70.51329	54.08964
51.383	96.86275	71.15294	54.43977
51.423	96.86275	71.06928	53.7535
51.462	96.86275	71.69848	55.35715
51.5	96.86275	71.21394	54.33474
51.539	96.86275	71.1512	54.44678
51.577	96.86275	71.33072	54.67787
51.615	96.86275	70.75033	53.7465
51.654	96.86275	69.66274	53.04622
51.693	96.86275	68.59782	51.88375
51.732	96.86275	67.84837	51.77871
51.77	96.86275	67.76819	51.20448
51.809	96.86275	67.3952	51.31653
51.847	96.86275	66.9037	50.72829
51.886	96.86275	66.79041	50.61625
51.927	96.86275	66.27277	50.73529
51.966	96.86275	66.58823	50.85434
52.005	96.86275	66.44532	50.39216
52.044	96.86275	66.3634	50.63025
52.082	96.86275	66.30065	50.27311
52.121	96.86275	66.47495	50.72829
52.159	96.86275	66.39303	50.5112
52.198	96.86275	66.39303	50.5112
52.236	96.86275	66.30239	50.14706
52.275	96.86275	66.61786	50.26611
52.315	96.86275	66.27625	50.16106
52.354	96.86275	66.53595	50.62325
52.392	96.86275	66.62135	50.61625
52.433	96.86275	66.7939	50.63025
52.472	96.86275	66.64575	50.61625
52.51	96.86275	66.85316	50.38515
52.549	96.86275	67.0536	50.96638
52.588	96.86275	67.19651	51.08543
52.628	96.86275	66.9037	50.38515
52.666	96.86275	67.59564	51.65266
52.705	96.86275	67.33595	51.07143
52.743	96.86275	67.22092	50.95938
52.782	96.86275	67.62179	51.19748
52.82	96.86275	67.5085	51.07843
52.859	96.86275	67.85534	51.54762
52.898	96.86275	67.67756	51.30252
52.939	96.86275	67.71242	51.42857
52.979	96.86275	67.88148	51.30252
53.017	96.86275	67.91286	51.89075
53.056	96.86275	67.88148	51.42857
53.094	96.86275	67.90762	51.30952
53.133	96.86275	68.22832	52.35294
53.171	96.86275	68.05403	51.30952
53.21	96.86275	67.97211	51.77871
53.249	96.86275	68.46013	52.2479
53.287	96.86275	68.60654	52.24089
53.326	96.86275	68.51416	52.2479
53.364	96.86275	68.7146	52.47199
53.403	96.86275	68.28584	51.42157
53.443	96.86275	68.80523	52.13585
53.482	96.86275	68.77212	52.34594
53.52	96.86275	69.43443	52.81513
53.56	96.86275	69.05969	52.92717
53.598	96.86275	68.97429	52.59104
53.637	96.86275	68.97429	52.59104
53.675	96.86275	69.26188	52.71009
53.714	96.86275	69.14336	52.34594
53.753	96.86275	69.40653	52.92717
53.792	96.86275	69.54771	52.81513
53.83	96.86275	69.39957	52.81513
53.87	96.86275	69.77778	53.5154
53.909	96.86275	69.43443	52.59104
53.95	96.86275	69.77604	53.40336
53.989	96.86275	69.68715	53.28431
54.028	96.86275	69.45534	52.92017
54.067	96.86275	69.51983	52.47199
54.105	96.86275	69.60872	52.94118
54.144	96.86275	70.03573	53.39636
54.184	96.86275	70.23617	53.16526
54.222	96.86275	70.0671	53.62745
54.261	96.86275	70.21002	52.93417
54.299	96.86275	70.20828	53.06023
54.338	96.86275	70.60741	53.97759
54.376	96.86275	70.93159	54.22269
54.415	96.86275	70.63878	53.62745
54.455	96.86275	70.46623	53.97759
54.494	96.86275	70.26928	53.40336
54.533	96.86275	70.69804	53.7535
54.572	96.86275	70.68932	53.97759
54.61	96.86275	70.81133	54.22269
54.648	96.86275	70.84444	54.57283
54.687	96.86275	70.44009	53.63445
54.725	96.86275	70.89848	53.7465
54.764	96.86275	71.1512	54.32773
54.804	96.86275	71.06754	54.44678
54.843	96.86275	70.87407	54.45378
54.881	96.86275	71.1268	54.33474
54.92	96.86275	71.44749	54.91597
54.961	96.86275	71.32897	54.91597
55	96.86275	71.30457	54.46778
55.039	96.86275	71.10239	53.9846
55.077	96.86275	71.10239	53.9846
55.117	96.86275	71.33072	54.69188
55.156	96.86275	71.61655	55.38515
55.194	96.86275	70.95251	54.22269
55.233	96.86275	71.1268	54.32773
55.272	96.86275	71.21743	54.22969
55.311	96.86275	71.44575	54.45378
55.349	96.86275	71.73333	55.15406
55.388	96.86275	71.24008	54.22269
55.428	96.86275	71.6183	54.92997
55.468	96.86275	71.58344	54.90196
55.507	96.86275	71.55904	54.56583
55.545	96.86275	71.69848	55.01401
55.585	96.86275	71.89717	55.14006
55.624	96.86275	71.61655	54.55882
55.662	96.86275	71.81525	55.02801
55.701	96.86275	71.69673	54.66386
55.741	96.86275	71.95817	55.60225
55.779	96.86275	71.69324	55.01401
55.817	96.86275	72.01743	55.37815
55.856	96.86275	72.13072	55.72129
55.894	96.86275	71.61655	54.67787
55.932	96.86275	72.18823	55.95938
55.974	96.86275	72.04532	55.14706
56.013	96.86275	72.04357	55.25911
56.052	96.86275	72.24226	56.17647
56.091	96.86275	72.27364	55.60225
56.129	96.86275	72.0732	55.4902
56.167	96.86275	72.09412	55.35715
56.206	96.86275	72.09586	55.36415
56.245	96.86275	72.55599	55.94538
56.283	96.86275	72.27538	55.4972
56.322	96.86275	72.30327	55.95938
56.361	96.86275	72.16035	55.25911
56.399	96.86275	72.27364	55.71428
56.438	96.86275	72.44096	55.82633
56.479	96.86275	72.26841	55.4972
56.517	96.86275	72.26841	55.4972
56.556	96.86275	72.44619	55.95238
56.594	96.86275	72.19172	55.4972
56.633	96.86275	72.52811	55.4832
56.673	96.86275	72.67973	56.18347
56.712	96.86275	72.32767	55.38515
56.75	96.86275	72.66928	56.17647
56.789	96.86275	72.5891	56.52661
56.828	96.86275	72.69717	56.17647
56.866	96.86275	72.84357	56.29552
56.905	96.86275	72.21612	55.60925
56.943	96.86275	72.7268	56.16246
56.984	96.86275	72.82092	56.30252
57.025	96.86275	72.58388	55.83333
57.064	96.86275	72.86797	56.40056
57.102	96.86275	72.89935	56.40056
57.14	96.86275	72.8732	56.29552
57.179	96.86275	72.63965	55.83333
57.219	96.86275	72.90457	56.64566
57.257	96.86275	72.95861	56.40056
57.297	96.86275	72.67277	55.72129
57.336	96.86275	72.84184	56.18347
57.374	96.86275	72.79129	56.18347
57.413	96.86275	72.81743	55.84034
57.451	96.86275	73.13464	57.10784
57.491	96.86275	72.58562	55.83333
57.53	96.86275	72.81046	56.05742
57.568	96.86275	72.58388	55.95238
57.607	96.86275	72.75817	55.93837
57.646	96.86275	72.8732	56.52661
57.685	96.86275	73.01437	56.17647
57.724	96.86275	73.3281	56.63166
57.764	96.86275	72.57865	55.93837
57.804	96.86275	72.81046	56.05742
57.842	96.86275	73.0963	56.28151
57.881	96.86275	73.09978	56.63866
57.92	96.86275	73.38039	56.84874
57.959	96.86275	73.35947	56.53362
58	96.86275	73.21656	56.51961
58.04	96.86275	73.04401	56.5056
58.078	96.86275	72.98126	56.40756
58.117	96.86275	72.98126	56.40756
58.156	96.86275	73.21482	56.7437
58.195	96.86275	72.84531	56.30252
58.233	96.86275	72.90457	56.64566
58.273	96.86275	73.1573	56.75771
58.312	96.86275	73.27408	56.63866
58.351	96.86275	73.23921	56.62465
58.389	96.86275	72.95512	56.16947
58.428	96.86275	73.01612	56.7507
58.467	96.86275	73.356	57.09383
58.508	96.86275	72.87669	56.30252
58.546	96.86275	73.24445	56.63866
58.586	96.86275	73.21656	56.7507
58.624	96.86275	73.4414	56.7437
58.663	96.86275	73.64706	57.09383
58.701	96.86275	73.30196	56.7507
58.74	96.86275	73.47451	56.7507
58.778	96.86275	72.90109	56.06442
58.817	96.86275	73.52505	56.86274
58.855	96.86275	73.18344	56.39356
58.895	96.86275	73.35773	56.39356
58.933	96.86275	73.50066	56.62465
58.972	96.86275	73.32984	56.75771
59.013	96.86275	73.61046	57.31793
59.052	96.86275	73.66972	57.08683
59.09	96.86275	73.55643	56.98179
59.129	96.86275	74.0183	57.21288
59.167	96.86275	73.85098	56.86274
59.207	96.86275	74.10371	57.44398
59.245	96.86275	73.41351	56.51261
59.283	96.86275	73.55817	57.20588
59.322	96.86275	73.58605	57.20588
59.361	96.86275	73.56166	56.98179
59.399	96.86275	74.04793	56.63866
59.438	96.86275	73.35773	56.7437
59.476	96.86275	73.35773	56.7437
59.518	96.86275	73.64183	57.08683
59.557	96.86275	73.64183	57.08683
59.596	96.86275	73.52854	56.97479
59.635	96.86275	73.90675	56.86274
59.673	96.86275	73.87713	57.09383
59.712	96.86275	73.93465	57.21288
59.751	96.86275	73.87189	57.31793
59.789	96.86275	73.70457	56.9888
59.829	96.86275	73.82135	57.10084
59.868	96.86275	73.96078	57.20588
59.907	96.86275	73.90327	57.33193
59.945	96.86275	73.78475	57.42997
59.984	96.86275	73.84576	57.20588
60.025	96.86275	73.98867	57.55602
60.064	96.86275	73.90501	57.31793
60.103	96.86275	73.49194	56.63166
60.142	96.86275	74.32854	57.78011
60.181	96.86275	73.78824	56.86274
60.22	96.86275	74.01482	57.21288
60.258	96.86275	74.18736	57.42997
60.297	96.86275	73.4902	56.86975
60.335	96.86275	73.9573	57.43697
60.374	96.86275	73.9573	57.43697
60.412	96.86275	74.15773	57.31793
60.452	96.86275	74.21351	57.66107
60.49	96.86275	73.6732	56.86274
60.53	96.86275	74.15948	57.44398
60.569	96.86275	73.96078	57.08683
60.607	96.86275	74.33202	57.90617
60.646	96.86275	74.21873	57.67507
60.684	96.86275	73.58083	56.63866
60.722	96.86275	73.96252	56.97479
60.762	96.86275	74.07407	57.08683
60.8	96.86275	74.44706	57.78712
60.839	96.86275	74.61961	58.01821
60.878	96.86275	74.27103	57.08683
60.916	96.86275	74.27103	57.08683
60.955	96.86275	74.27451	57.55602
60.994	96.86275	73.98693	57.09383
61.035	96.86275	74.10197	57.20588
61.076	96.86275	74.25011	57.32493
61.115	96.86275	74.13159	57.21288
61.154	96.86275	74.06536	57.19188
61.192	96.86275	74.10719	57.21989
61.231	96.86275	74.18736	57.55602
61.27	96.86275	74.27625	57.78712
61.308	96.86275	74.0183	57.33193
61.347	96.86275	74.62135	58.01821
61.387	96.86275	74.18736	57.31793
61.425	96.86275	74.41569	58.0042
61.464	96.86275	74.10545	56.97479
61.502	96.86275	74.04619	57.21288
61.543	96.86275	74.70152	58.0042
61.581	96.86275	74.29891	57.42997
61.62	96.86275	74.44881	57.78011
61.658	96.86275	74.58997	57.66107
61.697	96.86275	74.12288	56.84874
61.736	96.86275	74.33202	57.78011
61.775	96.86275	74.32854	57.42997
61.813	96.86275	74.70152	58.11625
61.852	96.86275	74.41743	57.88515
61.891	96.86275	74.19608	57.44398
61.931	96.86275	74.44881	57.66107
61.97	96.86275	74.30762	57.33193
62.01	96.86275	74.81656	58.69748
62.051	96.86275	74.55861	58.23529
62.09	96.86275	74.32331	57.89216
62.129	96.86275	74.61613	58.12325
62.167	96.86275	74.64401	57.89216
62.206	96.86275	74.46972	58.0042
62.244	96.86275	74.56035	58.34734
62.284	96.86275	74.41917	57.67507
62.323	96.86275	74.61961	57.89216
62.362	96.86275	74.61613	57.78011
62.4	96.86275	74.81656	58.23529
62.439	96.86275	74.84793	57.9972
62.478	96.86275	74.41743	57.44398
62.516	96.86275	74.41743	57.44398
62.556	96.86275	74.84618	58.23529
62.595	96.86275	74.67712	57.89916
62.635	96.86275	75.01699	58.34734
62.674	96.86275	74.99259	58.36134
62.713	96.86275	74.70327	57.31793
62.751	96.86275	74.90545	58.35434
62.79	96.86275	74.8427	58.0042
62.829	96.86275	74.82005	58.0112
62.867	96.86275	74.87408	58.57143
62.906	96.86275	74.92985	58.0112
62.946	96.86275	74.9037	58.12325
62.984	96.86275	74.84793	57.89916
63.023	96.86275	74.90545	58.0112
63.064	96.86275	74.99259	58.23529
63.103	96.86275	74.87408	57.88515
63.142	96.86275	74.7329	58.01821
63.181	96.86275	74.81656	58.12325
63.219	96.86275	75.078	58.58543
63.258	96.86275	74.96122	58.23529
63.297	96.86275	74.98737	58.46638
63.336	96.86275	75.01874	58.34734
63.374	96.86275	74.98911	58.46638
63.413	96.86275	75.19128	58.92857
63.452	96.86275	74.81133	58.45938
63.491	96.86275	75.04837	58.58543
63.529	96.86275	75.07974	58.46638
63.57	96.86275	75.02048	58.24229
63.608	96.86275	75.2488	58.35434
63.647	96.86275	75.27843	58.13025
63.686	96.86275	75.30458	58.34734
63.724	96.86275	75.02222	58.0112
63.763	96.86275	75.01874	58.12325
63.801	96.86275	75.10588	58.22829
63.839	96.86275	75.13029	58.35434
63.878	96.86275	75.10588	58.57843
63.918	96.86275	74.90545	58.24229
63.956	96.86275	74.90545	58.24229
63.995	96.86275	75.15991	58.46638
64.034	96.86275	75.10763	58.57843
64.075	96.86275	75.28017	58.92857
64.114	96.86275	75.07626	58.80952
64.153	96.86275	75.25054	58.92157
64.192	96.86275	75.2488	58.47339
64.232	96.86275	75.13377	58.34734
64.27	96.86275	75.28017	58.59244
64.309	96.86275	75.25228	58.46638
64.348	96.86275	75.19477	58.58543
64.386	96.86275	75.22092	58.46638
64.425	96.86275	75.15817	58.47339
64.464	96.86275	75.07974	58.35434
64.502	96.86275	75.078	58.23529
64.542	96.86275	75.13551	58.69748
64.582	96.86275	75.10588	58.23529
64.622	96.86275	75.10588	58.46638
64.661	96.86275	74.84967	58.23529
64.699	96.86275	75.16514	58.12325
64.738	96.86275	75.25054	58.57843
64.776	96.86275	75.01699	58.22829
64.815	96.86275	75.28017	58.92157
64.854	96.86275	75.19128	58.34734
64.893	96.86275	75.05011	58.34734
64.931	96.86275	75.36732	58.80952
64.97	96.86275	75.19128	58.34734
65.008	96.86275	75.1634	58.57843
65.046	96.86275	75.27145	58.69048
65.087	96.86275	75.24357	58.57843
65.127	96.86275	75.36209	58.91457
65.166	96.86275	75.38649	58.80952
65.205	96.86275	75.28017	58.93558
65.243	96.86275	75.19128	58.69048
65.281	96.86275	75.10763	58.13025
65.32	96.86275	75.33246	59.04062
65.358	96.86275	75.22092	58.69048
65.397	96.86275	75.1634	58.46638
65.436	96.86275	75.1634	58.46638
65.476	96.86275	75.02222	58.0112
65.514	96.86275	75.18954	58.57143
65.553	96.86275	75.2488	58.58543
65.594	96.86275	75.078	58.45938
65.632	96.86275	75.28017	58.57843
65.671	96.86275	74.76078	58.34034
65.71	96.86275	75.30632	58.46638
65.748	96.86275	75.27669	58.80252
65.788	96.86275	75.21917	58.45938
65.827	96.86275	75.0135	58.34734
65.865	96.86275	75.04837	58.24229
65.904	96.86275	74.92985	58.45938
65.943	96.86275	75.04488	58.69748
65.981	96.86275	75.15643	58.22129
66.02	96.86275	75.07451	58.80952
66.058	96.86275	74.58475	57.9972
66.102	96.86275	74.64575	57.9972
66.141	96.86275	74.9281	58.34034
66.18	96.86275	74.87408	58.0112
66.219	96.86275	75.1634	58.45938
66.258	96.86275	74.78693	58.23529
66.296	96.86275	74.79041	57.42997
66.335	96.86275	75.24706	58.57843
66.373	96.86275	74.96122	58.0042
66.413	96.86275	74.95948	58.23529
66.451	96.86275	74.73116	58.0112
66.49	96.86275	74.84444	58.34734
66.528	96.86275	75.07626	58.58543
66.567	96.86275	75.19128	58.70448
66.607	96.86275	75.1634	58.23529
66.646	96.86275	75.0135	58.34734
66.684	96.86275	74.87582	58.47339
66.723	96.86275	75.19302	58.69048
66.762	96.86275	75.30458	58.69748
66.8	96.86275	74.93333	58.34734
66.839	96.86275	74.98911	58.57843
66.878	96.86275	74.6963	57.88515
66.916	96.86275	74.6963	57.88515
66.955	96.86275	74.84444	58.45938
66.994	96.86275	74.72767	58.11625
67.034	96.86275	74.95773	58.57143
67.073	96.86275	74.69804	58.11625
67.114	96.86275	74.4976	58.23529
67.153	96.86275	74.8183	58.34734
67.192	96.86275	75.10588	58.46638
67.231	96.86275	75.04837	58.58543
67.27	96.86275	74.90545	57.89216
67.308	96.86275	74.8427	58.46638
67.348	96.86275	74.90719	58.12325
67.387	96.86275	74.75208	58.34034
67.425	96.86275	75.05185	58.70448
67.464	96.86275	74.98911	58.10925
67.503	96.86275	74.67886	58.22829
67.541	96.86275	75.08148	58.69048
67.58	96.86275	74.60915	58.22829
67.62	96.86275	75.13726	58.58543
67.659	96.86275	75.10413	58.22829
67.698	96.86275	75.07626	58.47339
67.737	96.86275	75.30806	58.57843
67.775	96.86275	74.93333	58.0112
67.813	96.86275	75.38649	58.45938
67.852	96.86275	75.3098	58.58543
67.89	96.86275	75.01699	58.34034
67.929	96.86275	75.13203	58.57843
67.968	96.86275	75.13203	58.80952
68.008	96.86275	75.21917	58.22829
68.046	96.86275	75.30806	58.35434
68.085	96.86275	75.65142	59.27171
68.127	96.86275	75.01699	58.45238
68.166	96.86275	74.96296	58.12325
68.205	96.86275	75.38998	58.80952
68.244	96.86275	75.30806	58.47339
68.283	96.86275	75.33595	58.80952
68.322	96.86275	75.13377	58.35434
68.36	96.86275	75.10588	57.89216
68.399	96.86275	75.16689	58.47339
68.437	96.86275	75.24706	58.57843
68.476	96.86275	75.24706	58.57843
68.515	96.86275	75.36209	58.69748
68.554	96.86275	75.25228	58.69748
68.594	96.86275	75.1634	58.80252
68.634	96.86275	75.5695	59.17367
68.673	96.86275	75.38998	58.69048
68.712	96.86275	75.62527	59.27871
68.75	96.86275	75.33769	58.82353
68.789	96.86275	75.59216	58.92857
68.828	96.86275	75.30632	59.04762
68.866	96.86275	75.13203	58.45938
68.906	96.86275	75.53987	59.16667
68.945	96.86275	75.56427	58.81653
68.983	96.86275	75.18954	58.23529
69.022	96.86275	75.39172	58.58543
69.061	96.86275	75.50675	58.69748
69.099	96.86275	75.79957	59.16667
69.14	96.86275	75.62005	59.37675
69.179	96.86275	75.47887	58.80952
69.219	96.86275	75.36558	58.92857
69.257	96.86275	75.39346	58.45938
69.296	96.86275	75.65316	59.15266
69.334	96.86275	75.50849	59.04762
69.373	96.86275	75.30806	58.69048
69.411	96.86275	75.36732	58.93558
69.45	96.86275	75.53464	58.80252
69.488	96.86275	75.5939	59.15966
69.528	96.86275	75.53638	58.92857
69.566	96.86275	75.59042	58.80952
69.604	96.86275	75.33769	58.69748
69.646	96.86275	75.4231	58.81653
69.685	96.86275	75.73682	59.15966
69.723	96.86275	75.50849	59.03362
69.762	96.86275	75.53638	58.45938
69.8	96.86275	75.53464	59.03362
69.838	96.86275	75.5329	58.80252
69.878	96.86275	75.53464	58.80952
69.917	96.86275	75.64967	58.92857
69.955	96.86275	75.64967	58.92857
69.994	96.86275	75.48061	59.15266
70.033	96.86275	75.56601	58.81653
70.071	96.86275	75.56427	58.80952
70.11	96.86275	75.53464	59.26471
70.151	96.86275	75.7037	59.27871
70.192	96.86275	75.59216	59.03362
70.231	96.86275	75.56253	58.80252
70.27	96.86275	75.59216	58.92157
70.308	96.86275	75.62179	59.15266
70.347	96.86275	75.50849	58.81653
70.387	96.86275	75.62353	58.57843
70.426	96.86275	75.51024	58.80952
70.465	96.86275	75.44923	58.69048
70.504	96.86275	75.5695	59.27871
70.543	96.86275	75.47887	59.15266
70.581	96.86275	75.5329	58.80252
70.62	96.86275	75.54161	59.15966
70.66	96.86275	75.44923	59.04062
70.699	96.86275	75.48061	58.69748
70.738	96.86275	75.53638	59.15966
70.776	96.86275	75.45098	58.81653
70.815	96.86275	75.48235	59.16667
70.854	96.86275	75.42135	58.80252
70.892	96.86275	75.56427	59.27171
70.931	96.86275	75.33595	58.70448
70.97	96.86275	75.53464	58.92857
71.008	96.86275	75.70894	59.39075
71.046	96.86275	75.7647	59.03362
71.085	96.86275	75.50849	58.92857
71.124	96.86275	75.47887	58.92857
71.165	96.86275	75.54161	58.92157
71.205	96.86275	75.59564	59.15266
71.244	96.86275	75.41786	58.69748
71.282	96.86275	75.19477	58.81653
71.321	96.86275	75.06928	58.22829
71.359	96.86275	75.01525	58.35434
71.397	96.86275	75.22092	58.34734
71.437	96.86275	74.98737	58.23529
71.477	96.86275	74.84618	58.24229
71.516	96.86275	74.84618	58.24229
71.554	96.86275	75.01874	58.34734
71.593	96.86275	75.25054	58.58543
71.632	96.86275	75.13551	58.69048
71.672	96.86275	75.07102	58.45938
71.711	96.86275	75.10588	58.23529
71.751	96.86275	74.81656	58.12325
71.791	96.86275	75.15817	58.56442
71.83	96.86275	75.44923	58.80252
71.868	96.86275	75.36034	58.57843
71.907	96.86275	75.39695	58.81653
71.946	96.86275	75.27669	58.46638
71.984	96.86275	75.45098	58.58543
72.023	96.86275	75.13726	58.46638
72.063	96.86275	74.87582	57.89216
72.101	96.86275	75.02048	58.23529
72.14	96.86275	74.9037	58.23529
72.181	96.86275	75.27495	58.80252
72.221	96.86275	74.92985	58.45938
72.259	96.86275	74.98911	58.45938
72.298	96.86275	74.95773	58.22829
72.336	96.86275	74.95948	58.34734
72.375	96.86275	75.36558	58.69748
72.414	96.86275	75.2488	58.58543
72.453	96.86275	75.33246	58.46638
72.491	96.86275	75.27843	58.69048
72.53	96.86275	74.92985	58.24229
72.568	96.86275	75.10763	58.35434
72.606	96.86275	74.98911	58.57843
72.645	96.86275	75.10588	58.34734
72.686	96.86275	75.09892	58.79552
72.724	96.86275	74.86884	58.22829
72.763	96.86275	75.0414	58.44538
72.802	96.86275	75.16165	58.22829
72.841	96.86275	74.89673	58.58543
72.88	96.86275	75.30458	58.81653
72.919	96.86275	75.07451	58.34734
72.957	96.86275	75.21743	58.69748
72.997	96.86275	75.01874	58.35434
73.036	96.86275	75.01874	58.35434
73.075	96.86275	74.74858	58.57843
73.113	96.86275	75.04837	58.46638
73.152	96.86275	75.1878	58.57843
73.193	96.86275	75.19128	58.34034
73.233	96.86275	75.2488	58.92157
73.272	96.86275	74.80959	58.46638
73.312	96.86275	75.13551	58.69748
73.35	96.86275	75.07626	58.22829
73.391	96.86275	75.27669	58.70448
73.429	96.86275	74.96645	58.47339
73.468	96.86275	74.64227	57.76611
73.507	96.86275	74.96471	58.46638
73.545	96.86275	75.01874	58.58543
73.584	96.86275	74.84618	58.10925
73.624	96.86275	75.16689	58.92857
73.662	96.86275	75.13203	59.04062
73.703	96.86275	75.04488	58.34034
73.741	96.86275	75.22092	58.69748
73.78	96.86275	75.10763	58.92857
73.818	96.86275	75.13551	58.57843
73.857	96.86275	74.92985	58.22829
73.896	96.86275	74.95948	58.34034
73.935	96.86275	75.21917	58.68347
73.974	96.86275	75.25054	58.69748
74.012	96.86275	75.30632	58.80952
74.05	96.86275	75.01874	58.22829
74.089	96.86275	75.07974	58.46638
74.127	96.86275	75.10239	58.57843
74.165	96.86275	75.1878	59.14566
74.207	96.86275	75.07626	58.46638
74.247	96.86275	74.90719	58.46638
74.285	96.86275	75.13377	58.68347
74.324	96.86275	75.10588	58.58543
74.362	96.86275	75.36558	58.81653
74.401	96.86275	75.21743	58.56442
74.441	96.86275	75.04662	58.57843
74.48	96.86275	75.22092	59.15266
74.518	96.86275	75.30458	58.92857
74.558	96.86275	75.38824	59.14566
74.597	96.86275	75.16514	58.35434
74.635	96.86275	75.16514	58.35434
74.674	96.86275	75.078	58.23529
74.714	96.86275	75.19652	58.81653
74.753	96.86275	75.13551	58.58543
74.792	96.86275	75.30806	58.93558
74.831	96.86275	74.90022	58.69048
74.87	96.86275	74.9037	58.0042
74.909	96.86275	74.99085	58.22829
74.948	96.86275	75.10413	58.45938
74.986	96.86275	75.53812	59.27871
75.025	96.86275	75.4231	58.57843
75.064	96.86275	75.19128	58.34034
75.102	96.86275	75.22266	58.57843
75.141	96.86275	75.078	58.35434
75.181	96.86275	75.16514	58.93558
75.223	96.86275	75.07974	58.47339
75.262	96.86275	75.10239	58.80252
75.301	96.86275	75.04314	58.45938
75.339	96.86275	75.13377	58.69748
75.378	96.86275	75.16689	58.58543
75.417	96.86275	75.10413	58.69748
75.455	96.86275	75.30458	58.70448
75.494	96.86275	75.38824	59.25771
75.533	96.86275	75.27669	58.46638
75.571	96.86275	75.39346	58.69748
75.61	96.86275	75.47887	58.69048
75.648	96.86275	75.41961	58.80252
75.687	96.86275	75.2488	58.57843
75.727	96.86275	75.45098	59.04762
75.765	96.86275	75.30632	58.45938
75.805	96.86275	75.53812	58.70448
75.843	96.86275	75.28017	58.69048
75.882	96.86275	75.21743	58.69048
75.92	96.86275	75.33421	58.69048
75.959	96.86275	75.39172	59.04062
75.998	96.86275	74.81307	57.9972
76.038	96.86275	75.05011	58.47339
76.076	96.86275	75.13029	58.57843
76.116	96.86275	75.13029	58.57843
76.155	96.86275	74.87582	58.12325
76.194	96.86275	75.50849	59.04762
76.235	96.86275	75.4231	58.92857
76.275	96.86275	75.4231	58.92857
76.314	96.86275	75.59738	59.16667
76.353	96.86275	75.30632	58.34734
76.391	96.86275	75.42658	58.82353
76.431	96.86275	75.16514	58.35434
76.47	96.86275	75.21743	58.46638
76.509	96.86275	75.50675	59.04062
76.547	96.86275	75.33421	58.57143
76.586	96.86275	75.33769	58.46638
76.625	96.86275	75.47712	58.80252
76.664	96.86275	75.47887	59.03362
76.702	96.86275	75.36384	58.69048
76.744	96.86275	75.41612	58.92157
76.782	96.86275	75.45273	59.15966
76.821	96.86275	75.41961	58.57843
76.86	96.86275	75.25054	58.70448
76.898	96.86275	75.47887	58.82353
76.936	96.86275	75.19302	58.69748
76.975	96.86275	74.98911	58.80952
77.013	96.86275	74.95948	58.23529
77.053	96.86275	75.04662	58.58543
77.091	96.86275	75.13726	58.34734
77.13	96.86275	75.078	58.47339
77.168	96.86275	75.16514	58.80952
77.207	96.86275	74.84618	58.34734
77.248	96.86275	75.10763	58.70448
77.287	96.86275	75.24706	58.92857
77.325	96.86275	75.10763	58.58543
77.365	96.86275	74.92985	58.46638
77.403	96.86275	75.04662	58.57843
77.442	96.86275	75.02048	58.35434
77.48	96.86275	75.1634	59.15966
77.518	96.86275	75.04837	58.22829
77.557	96.86275	75.04488	58.80252
77.598	96.86275	74.99085	58.11625
77.638	96.86275	74.93333	58.23529
77.678	96.86275	75.16514	58.58543
77.716	96.86275	75.27669	58.57143
77.756	96.86275	75.33421	58.57843
77.795	96.86275	75.33421	58.57843
77.834	96.86275	75.24706	58.69048
77.873	96.86275	75.18954	58.23529
77.912	96.86275	75.47538	58.46638
77.951	96.86275	75.53812	58.80952
77.989	96.86275	75.4231	58.92157
78.029	96.86275	75.50675	58.80952
78.068	96.86275	75.30632	58.69748
78.106	96.86275	75.28191	58.58543
78.145	96.86275	75.2122	58.68347
78.184	96.86275	75.67931	59.27171
78.223	96.86275	75.33246	58.69748
78.264	96.86275	75.56776	58.92157
78.303	96.86275	75.21917	59.27171
78.343	96.86275	75.1634	58.34734
78.381	96.86275	75.13551	58.58543
78.42	96.86275	74.95948	58.46638
78.459	96.86275	75.07626	58.22829
78.497	96.86275	75.13377	58.80952
78.538	96.86275	75.25228	58.81653
78.576	96.86275	75.02396	58.35434
78.614	96.86275	74.90545	58.69048
78.654	96.86275	75.2488	58.80952
78.693	96.86275	75.10588	58.57843
78.731	96.86275	75.07451	58.45938
78.771	96.86275	75.3098	58.80952
78.81	96.86275	75.01525	58.69048
78.848	96.86275	75.04488	58.57843
78.887	96.86275	75.16165	58.69048
78.925	96.86275	75.27495	58.45238
78.964	96.86275	75.2488	59.04062
79.003	96.86275	75.07277	58.45938
79.042	96.86275	75.19128	58.57143
79.08	96.86275	75.16514	58.57843
79.119	96.86275	75.33421	58.92857
79.157	96.86275	75.19128	58.93558
79.196	96.86275	74.90022	57.9972
79.235	96.86275	74.90022	57.9972
79.277	96.86275	75.13203	58.69748
79.316	96.86275	75.13551	58.36134
79.355	96.86275	75.13551	58.36134
79.394	96.86275	75.24532	58.79552
79.433	96.86275	75.01699	58.57843
79.472	96.86275	75.30806	58.82353
79.51	96.86275	75.13377	58.92857
79.549	96.86275	75.02396	58.59244
79.589	96.86275	75.36732	58.81653
79.628	96.86275	74.95948	58.35434
79.666	96.86275	74.98911	58.34734
79.705	96.86275	75.36209	58.80952
79.744	96.86275	74.98737	58.22129
79.784	96.86275	75.30632	58.93558
79.823	96.86275	75.01699	58.45938
79.862	96.86275	74.96296	58.80952
79.901	96.86275	75.10413	58.57843
79.94	96.86275	75.18606	58.68347
79.978	96.86275	74.98737	58.69048
80.017	96.86275	75.13726	58.57843
80.055	96.86275	74.9037	58.46638
80.094	96.86275	75.19128	58.70448
80.132	96.86275	75.33595	58.81653
80.17	96.86275	75.1634	58.92157
80.21	96.86275	74.9037	58.35434
80.25	96.86275	75.27843	59.04062
80.291	96.86275	75.01874	58.81653
80.331	96.86275	75.03965	58.69748
80.369	96.86275	75.13377	58.35434
80.407	96.86275	75.10588	58.0042
80.446	96.86275	75.4231	58.57843
80.485	96.86275	75.68105	59.27871
80.524	96.86275	75.44749	58.81653
80.563	96.86275	75.42658	58.82353
80.601	96.86275	75.36558	58.93558
80.639	96.86275	75.28017	58.57843
80.678	96.86275	75.30806	58.58543
80.717	96.86275	74.75033	58.57143
80.755	96.86275	75.10763	58.58543
80.796	96.86275	75.04837	58.34734
80.836	96.86275	75.08148	58.70448
80.874	96.86275	75.08148	58.70448
80.913	96.86275	75.15991	58.58543
80.952	96.86275	75.13029	58.46638
80.99	96.86275	75.21917	58.92857
81.029	96.86275	75.27669	58.80252
81.068	96.86275	75.19302	58.58543
81.107	96.86275	75.27669	58.92857
81.146	96.86275	75.01525	58.23529
81.185	96.86275	75.22092	58.80952
81.224	96.86275	75.13203	58.45938
81.262	96.86275	75.04662	58.10925
81.304	96.86275	75.22092	58.69748
81.343	96.86275	75.0414	58.69748
81.382	96.86275	75.27669	58.92157
81.421	96.86275	75.10413	58.46638
81.46	96.86275	75.22092	58.57143
81.498	96.86275	75.16165	58.92157
81.539	96.86275	75.13377	58.92157
81.577	96.86275	75.1634	58.70448
81.616	96.86275	75.1634	58.57843
81.655	96.86275	75.27843	59.26471
81.693	96.86275	75.24706	58.81653
81.731	96.86275	74.99085	58.23529
81.771	96.86275	75.28017	58.81653
81.812	96.86275	75.19128	58.57843
81.85	96.86275	75.22266	58.92857
81.889	96.86275	75.10937	58.58543
81.927	96.86275	75.13551	58.23529
81.965	96.86275	75.02048	58.34034
82.004	96.86275	75.13726	58.34734
82.043	96.86275	75.28191	58.70448
82.082	96.86275	75.07626	58.23529
82.121	96.86275	74.98737	58.22829
82.159	96.86275	74.99085	58.57843
82.197	96.86275	75.07277	58.57843
82.236	96.86275	75.27669	58.69748
82.275	96.86275	75.27669	58.69748
82.316	96.86275	74.90022	58.10925
82.356	96.86275	75.10763	58.58543
82.396	96.86275	75.22092	58.45938
82.435	96.86275	75.22092	58.45938
82.473	96.86275	75.24706	58.80952
82.512	96.86275	75.04837	58.45938
82.551	96.86275	75.10239	58.34734
82.59	96.86275	75.1634	58.69748
82.629	96.86275	75.04488	58.69748
82.667	96.86275	75.33421	59.03362
82.707	96.86275	75.04837	58.69048
82.746	96.86275	74.93333	58.92157
82.784	96.86275	75.30632	58.80952
82.825	96.86275	75.33595	58.81653
82.863	96.86275	75.57124	59.14566
82.902	96.86275	75.07626	58.80952
82.94	96.86275	74.96296	58.47339
82.979	96.86275	75.01874	58.46638
83.019	96.86275	75.07451	58.34734
83.057	96.86275	75.139	58.81653
83.096	96.86275	75.36732	59.04762
83.134	96.86275	75.04662	58.69048
83.173	96.86275	75.05185	58.69748
83.211	96.86275	75.13726	58.57843
83.25	96.86275	75.19302	58.92857
83.288	96.86275	75.36209	58.80952
83.33	96.86275	75.01874	58.69748
83.37	96.86275	75.10413	58.57843
83.408	96.86275	75.30632	58.81653
83.446	96.86275	75.25228	59.15266
83.485	96.86275	75.15991	58.69048
83.523	96.86275	74.64749	58.23529
83.562	96.86275	72.8366	58.9986
83.6	96.86275	70.80087	58.78852
83.64	96.86275	69.04575	58.07423
83.679	96.86275	68.16035	57.60504
83.719	96.86275	67.93028	57.14986
83.757	96.86275	67.55904	57.2619
83.796	96.86275	67.78736	57.37395
83.837	96.86275	67.78562	57.71009
83.875	96.86275	67.78562	57.71009
83.914	96.86275	67.98257	57.70308
83.953	96.86275	67.64445	57.47899
83.992	96.86275	67.32549	57.47899
84.031	96.86275	67.47364	56.91877
84.07	96.86275	67.67407	57.59804
84.109	96.86275	67.90066	57.93417
84.147	96.86275	67.64445	57.71709
84.186	96.86275	67.44401	57.2619
84.226	96.86275	67.52767	57.47899
84.266	96.86275	67.80828	57.81513
84.306	96.86275	67.52418	57.82213
84.347	96.86275	67.47015	57.36695
84.387	96.86275	67.53115	57.47899
84.426	96.86275	67.55556	57.59104
84.464	96.86275	67.44575	57.37395
84.503	96.86275	67.24009	57.14285
84.542	96.86275	67.383	57.59104
84.581	96.86275	67.44227	57.71009
84.62	96.86275	67.44227	57.71709
84.659	96.86275	67.55556	57.92717
84.697	96.86275	67.38475	57.37395
84.736	96.86275	67.32723	57.47899
84.775	96.86275	66.75555	57.03081
84.813	96.86275	67.26797	57.2619
84.853	96.86275	67.38475	57.71009
84.893	96.86275	67.18432	57.2619
84.931	96.86275	67.21568	57.14285
84.969	96.86275	67.04139	57.03081
85.008	96.86275	67.12854	57.14285
85.047	96.86275	67.27146	57.36695
85.085	96.86275	67.09543	57.14285
85.124	96.86275	67.01351	57.2549
85.162	96.86275	66.92636	57.14986
85.203	96.86275	67.24358	57.03081
85.242	96.86275	67.18082	57.2619
85.28	96.86275	67.30109	57.14986
85.319	96.86275	66.98213	56.91877
85.36	96.86275	66.72244	56.68068
85.399	96.86275	67.03965	57.14285
85.438	96.86275	67.1268	57.2479
85.477	96.86275	67.04139	56.68768
85.516	96.86275	66.92811	56.91877
85.555	96.86275	66.92811	56.91877
85.593	96.86275	66.9525	57.13585
85.632	96.86275	67.1512	57.2549
85.671	96.86275	67.15295	57.2479
85.71	96.86275	67.18432	57.36695
85.749	96.86275	66.98563	56.80672
85.787	96.86275	66.89674	57.47899
85.826	96.86275	66.98388	57.36695
85.868	96.86275	66.83922	56.91177
85.906	96.86275	66.80959	57.13585
85.945	96.86275	66.87059	57.02381
85.984	96.86275	66.90022	57.5
86.022	96.86275	67.13203	56.91877
86.061	96.86275	66.8671	56.91877
86.1	96.86275	66.67364	56.91877
86.138	96.86275	66.8671	56.91177
86.178	96.86275	66.92287	57.36695
86.217	96.86275	67.12854	56.91877
86.255	96.86275	67.00828	57.48599
86.293	96.86275	67.06754	57.14285
86.332	96.86275	67.13028	57.2549
86.373	96.86275	66.90022	57.2549
86.412	96.86275	67.26797	57.59104
86.451	96.86275	67.1268	57.36695
86.491	96.86275	67.07102	56.69468
86.529	96.86275	67.15295	57.36695
86.568	96.86275	67.10414	57.2549
86.606	96.86275	67.32898	57.36695
86.644	96.86275	67.2122	57.35994
86.683	96.86275	67.18606	57.03081
86.722	96.86275	67.3586	57.47899
86.76	96.86275	67.15295	57.36695
86.801	96.86275	67.21046	57.2549
86.84	96.86275	67.47189	57.36695
86.88	96.86275	67.72984	57.36695
86.919	96.86275	67.44052	57.2549
86.957	96.86275	67.58518	57.36695
86.996	96.86275	67.84314	57.71009
87.035	96.86275	67.61133	57.70308
87.074	96.86275	67.61133	57.70308
87.113	96.86275	67.75599	57.47899
87.152	96.86275	67.84314	57.60504
87.191	96.86275	67.87277	57.71009
87.23	96.86275	68.04706	57.47899
87.269	96.86275	67.81351	57.82213
87.307	96.86275	67.87451	57.48599
87.348	96.86275	67.93377	57.71709
87.391	96.86275	67.72984	57.47899
87.432	96.86275	68.10109	58.05322
87.471	96.86275	68.10632	58.06723
87.509	96.86275	68.42178	58.06723
87.548	96.86275	68.21438	57.59104
87.587	96.86275	67.95643	57.82913
87.625	96.86275	68.41482	58.05322
87.664	96.86275	68.16035	58.06023
87.703	96.86275	68.53333	58.64146
87.742	96.86275	68.38867	58.52941
87.781	96.86275	68.12549	57.71009
87.82	96.86275	68.62048	58.06023
87.858	96.86275	68.55599	58.17927
87.899	96.86275	68.64314	58.41737
87.937	96.86275	69.04401	58.41036
87.976	96.86275	68.86972	58.16526
88.014	96.86275	69.02135	57.493
88.054	96.86275	69.04749	58.29832
88.092	96.86275	69.02135	58.29131
88.131	96.86275	69.24619	58.7605
88.169	96.86275	69.01612	58.06723
88.208	96.86275	69.47974	58.76751
88.247	96.86275	69.24793	58.7605
88.285	96.86275	69.27582	57.96919
88.323	96.86275	69.27756	58.06023
88.363	96.86275	69.3316	58.7605
88.404	96.86275	69.59476	58.65546
88.443	96.86275	69.44836	58.64846
88.482	96.86275	69.68365	58.77451
88.52	96.86275	69.42223	58.31232
88.559	96.86275	69.45185	58.64146
88.598	96.86275	69.85098	58.30532
88.638	96.86275	69.68018	58.52941
88.677	96.86275	69.88409	58.76751
88.716	96.86275	69.88409	58.65546
88.755	96.86275	69.76732	58.31232
88.793	96.86275	69.76732	58.31232
88.832	96.86275	70.19434	58.88656
88.871	96.86275	70.13857	58.9986
88.912	96.86275	70.40174	59.12465
88.95	96.86275	70.19608	58.87955
88.99	96.86275	70.14205	58.77451
89.029	96.86275	70.13508	58.89356
89.068	96.86275	70.08453	59.22969
89.107	96.86275	70.4	58.9916
89.145	96.86275	70.51504	59.34874
89.184	96.86275	70.71373	59.56583
89.223	96.86275	70.68758	58.89356
89.261	96.86275	70.5708	59.22969
89.301	96.86275	70.83398	59.35574
89.34	96.86275	70.51504	59.22969
89.378	96.86275	70.51154	59.46078
89.419	96.86275	70.88976	59.34874
89.459	96.86275	70.54292	59.11765
89.497	96.86275	70.8061	59.58683
89.536	96.86275	70.96993	59.34874
89.574	96.86275	70.4244	59.11765
89.614	96.86275	71.06056	59.34874
89.652	96.86275	70.94031	59.34174
89.691	96.86275	71.14945	59.2437
89.729	96.86275	71.31677	59.46078
89.767	96.86275	71.22788	59.11065
89.806	96.86275	71.51896	59.57983
89.845	96.86275	71.32026	59.47479
89.883	96.86275	71.17908	59.0056
89.925	96.86275	71.48933	59.69888
89.963	96.86275	71.57298	59.92997
90.001	96.86275	71.74728	59.69888
90.043	96.86275	71.63399	59.81793
90.081	96.86275	71.74728	59.35574
90.12	96.86275	71.68802	59.35574
90.158	96.86275	71.71939	59.81092
90.197	96.86275	71.80131	59.34874
90.236	96.86275	71.77691	59.59383
90.275	96.86275	71.97211	59.69888
90.314	96.86275	71.97211	59.69888
90.353	96.86275	72	59.57983
90.392	96.86275	71.68628	59.22969
90.433	96.86275	71.91634	59.46778
90.473	96.86275	71.83093	59.35574
90.512	96.86275	72.00349	59.91597
90.552	96.86275	72.09412	59.59383
90.591	96.86275	72.061	59.92297
90.629	96.86275	72.23181	59.23669
90.668	96.86275	72.14292	59.57283
90.707	96.86275	72.34161	59.69188
90.746	96.86275	72.23006	59.22969
90.785	96.86275	72.43224	60.04202
90.823	96.86275	72.45839	59.46078
90.863	96.86275	72.43398	59.93697
90.902	96.86275	72.63094	59.80392
90.942	96.86275	72.54379	59.68487
90.981	96.86275	72.66405	59.69888
91.02	96.86275	72.86623	60.27311
91.058	96.86275	72.60654	60.26611
91.096	96.86275	72.86275	59.92997
91.135	96.86275	72.7756	59.80392
91.175	96.86275	72.57343	60.02801
91.213	96.86275	72.89237	59.58683
91.252	96.86275	72.83485	60.26611
91.29	96.86275	73.1451	60.60925
91.329	96.86275	72.91852	59.91597
91.367	96.86275	72.78257	59.92297
91.406	96.86275	73.23573	60.14006
91.447	96.86275	72.97778	60.37815
91.489	96.86275	73.55294	61.17647
91.528	96.86275	73.09455	60.27311
91.566	96.86275	73.09804	60.27311
91.605	96.86275	73.09804	59.92297
91.645	96.86275	73.03878	60.16107
91.685	96.86275	73.35251	60.61625
91.724	96.86275	73.52679	60.95238
91.763	96.86275	73.55643	60.61625
91.802	96.86275	73.5512	60.84034
91.841	96.86275	73.37865	60.4972
91.879	96.86275	73.14858	60.26611
91.917	96.86275	73.47102	60.5042
91.958	96.86275	73.69586	61.06442
91.997	96.86275	73.31765	60.4972
92.035	96.86275	73.64183	60.84034
92.074	96.86275	73.64183	60.84034
92.114	96.86275	73.81089	61.29552
92.153	96.86275	73.72723	61.07843
92.191	96.86275	73.34901	60.83333
92.23	96.86275	73.8963	60.72129
92.269	96.86275	73.67146	60.61625
92.308	96.86275	73.98344	60.72829
92.347	96.86275	73.61568	59.92997
92.385	96.86275	73.60697	60.2521
92.425	96.86275	73.66623	60.03501
92.468	96.86275	73.60697	60.14706
92.508	96.86275	73.73072	60.26611
92.547	96.86275	73.89978	60.15406
92.586	96.86275	73.661	60.37115
92.624	96.86275	73.84052	60.15406
92.663	96.86275	74.09499	60.4902
92.702	96.86275	73.783	60.03501
92.742	96.86275	74.12811	60.72129
92.78	96.86275	74.0427	60.14006
92.819	96.86275	74.18214	60.25911
92.858	96.86275	74.12462	60.71428
92.896	96.86275	74.06536	60.37115
92.935	96.86275	74.24662	60.95938
92.975	96.86275	74.01656	60.37815
93.013	96.86275	74.44183	60.83333
93.053	96.86275	74.24314	60.61625
93.092	96.86275	74.44706	60.4972
93.13	96.86275	74.30588	60.72829
93.169	96.86275	73.98344	60.59524
93.207	96.86275	74.41569	60.95238
93.246	96.86275	74.18388	60.72129
93.285	96.86275	74.58475	60.60225
93.323	96.86275	74.52724	61.07143
93.363	96.86275	74.3268	60.4832
93.401	96.86275	74.61089	60.94538
93.44	96.86275	74.64227	61.05042
93.481	96.86275	74.33028	60.60225
93.52	96.86275	74.4732	60.84734
93.559	96.86275	74.32854	60.4902
93.597	96.86275	74.50283	60.37115
93.636	96.86275	74.85142	60.72129
93.678	96.86275	74.44706	60.71428
93.716	96.86275	74.75904	60.94538
93.755	96.86275	74.44009	60.71428
93.794	96.86275	74.44009	60.71428
93.833	96.86275	74.81656	60.95238
93.872	96.86275	74.92462	61.28852
93.911	96.86275	74.61438	60.25911
93.949	96.86275	74.75904	60.83333
93.991	96.86275	74.58301	60.71428
94.03	96.86275	74.90545	61.18347
94.068	96.86275	74.89848	61.17647
94.107	96.86275	74.87233	60.83333
94.146	96.86275	74.90545	60.95238
94.185	96.86275	74.75729	60.83333
94.223	96.86275	74.78867	60.71428
94.262	96.86275	75.01699	61.28852
94.302	96.86275	75.06754	61.28151
94.34	96.86275	74.9037	60.83333
94.379	96.86275	74.78867	61.06442
94.418	96.86275	75.01699	61.06442
94.456	96.86275	75.10588	61.42157
94.498	96.86275	75.15991	61.28852
94.537	96.86275	75.04662	61.17647
94.575	96.86275	75.07277	61.51961
94.615	96.86275	75.04662	60.60225
94.654	96.86275	75.24706	61.29552
94.694	96.86275	75.24532	61.29552
94.733	96.86275	75.30283	60.94538
94.771	96.86275	75.50501	61.7507
94.809	96.86275	75.4719	61.05042
94.848	96.86275	75.41264	61.86274
94.887	96.86275	75.35338	61.05742
94.926	96.86275	75.36034	61.40756
94.965	96.86275	75.50327	61.7507
95.005	96.86275	75.35512	60.93837
95.043	96.86275	75.5329	62.09383
95.082	96.86275	75.81699	61.9888
95.12	96.86275	75.53464	61.41457
95.159	96.86275	75.53464	61.9958
95.198	96.86275	75.49978	61.63166
95.237	96.86275	75.44576	61.52661
95.275	96.86275	75.44749	61.54062
95.314	96.86275	75.44749	61.54062
95.353	96.86275	75.38475	61.05042
95.392	96.86275	75.45098	61.87675
95.431	96.86275	75.84139	61.7507
95.47	96.86275	75.58518	61.85574
95.511	96.86275	75.64444	61.63866
95.552	96.86275	75.84663	61.86975
95.591	96.86275	75.55904	62.10084
95.629	96.86275	75.6427	61.27451
95.668	96.86275	75.78911	62.10084
95.707	96.86275	75.5329	61.63866
95.746	96.86275	75.72811	61.51261
95.784	96.86275	75.5939	61.75771
95.823	96.86275	75.87451	61.62465
95.863	96.86275	75.96514	62.56303
95.901	96.86275	76.13943	62.68207
95.94	96.86275	76.04532	61.86274
95.979	96.86275	75.85359	61.87675
96.021	96.86275	76.10806	62.33193
96.06	96.86275	76.13595	62.21989
96.098	96.86275	75.90762	61.63166
96.137	96.86275	76.25272	62.57003
96.177	96.86275	75.70196	61.28151
96.215	96.86275	76.30327	62.31092
96.254	96.86275	76.56296	62.90617
96.293	96.86275	76.13595	61.98179
96.331	96.86275	76.2196	62.32493
96.369	96.86275	76.13595	62.21288
96.408	96.86275	76.33638	62.32493
96.447	96.86275	76.50719	62.67507
96.485	96.86275	76.27538	62.08683
96.527	96.86275	76.36079	62.08683
96.567	96.86275	76.01569	61.97479
96.605	96.86275	76.53682	62.33193
96.644	96.86275	76.44968	62.56303
96.682	96.86275	76.16209	61.51261
96.72	96.86275	76.53507	62.66807
96.759	96.86275	76.42527	62.33193
96.798	96.86275	76.4793	62.32493
96.837	96.86275	76.62396	63.02521
96.876	96.86275	76.53507	62.32493
96.915	96.86275	76.59434	62.43697
96.953	96.86275	76.59434	62.43697
96.992	96.86275	76.42353	62.56303
97.033	96.86275	76.59782	62.21989
97.071	96.86275	76.62571	62.57003
97.11	96.86275	76.68148	62.33193
97.15	96.86275	76.5647	62.56303
97.189	96.86275	76.53682	62.67507
97.228	96.86275	76.8244	62.78712
97.267	96.86275	76.68323	62.80112
97.305	96.86275	76.65708	62.21989
97.344	96.86275	76.79652	62.67507
97.383	96.86275	76.94118	63.13726
97.421	96.86275	76.73725	62.56303
97.461	96.86275	77.03181	63.38235
97.5	96.86275	76.96558	63.13726
97.541	96.86275	76.85403	62.56303
97.58	96.86275	77.14161	63.95658
97.619	96.86275	76.9987	62.90617
97.657	96.86275	77.1695	63.60644
97.696	96.86275	76.93769	62.66807
97.735	96.86275	76.91503	62.92017
97.774	96.86275	76.93943	63.14426
97.813	96.86275	76.96732	62.79412
97.851	96.86275	77.11198	63.14426
97.89	96.86275	77.36993	63.59944
97.928	96.86275	77.11372	63.14426
97.969	96.86275	76.94466	63.15826
98.007	96.86275	76.88541	62.33893
98.047	96.86275	77.08409	63.02521
98.087	96.86275	77.28453	63.2563
98.126	96.86275	77.25491	63.2493
98.166	96.86275	77.11546	63.14426
98.205	96.86275	77.31242	62.90617
98.243	96.86275	77.02832	62.79412
98.282	96.86275	77.06144	63.38935
98.321	96.86275	77.02309	62.79412
98.359	96.86275	77.17298	63.4944
98.398	96.86275	77.11198	62.68207
98.438	96.86275	77.25665	63.13726
98.476	96.86275	77.57734	63.73249
98.514	96.86275	77.31068	63.2563
98.556	96.86275	77.39782	63.36134
98.595	96.86275	77.48148	63.48739
98.634	96.86275	77.48148	63.48739
98.672	96.86275	77.42745	63.26331
98.713	96.86275	77.63138	64.20168
98.751	96.86275	77.57386	63.84454
98.79	96.86275	77.5146	64.30672
98.829	96.86275	77.57386	64.30672
98.868	96.86275	77.57386	64.07563
98.907	96.86275	77.34727	63.62045
98.945	96.86275	77.51634	63.96359
98.984	96.86275	77.31765	63.84454
99.024	96.86275	77.65752	64.29972
99.064	96.86275	77.57386	64.18768
99.103	96.86275	77.54771	64.19468
99.142	96.86275	77.51808	63.61344
99.182	96.86275	77.51634	64.07563
99.221	96.86275	77.74118	63.95658
99.26	96.86275	77.60522	64.19468
99.299	96.86275	77.91895	64.66386
99.338	96.86275	77.45708	63.61344
99.376	96.86275	77.63138	64.07563
99.415	96.86275	77.62614	63.59944
99.454	96.86275	77.89107	64.64986
99.492	96.86275	77.63138	63.73249
99.531	96.86275	77.9207	64.20168
99.572	96.86275	77.77429	64.18067
99.611	96.86275	78.00261	64.40476
99.651	96.86275	78.03399	64.41876
99.689	96.86275	78.06013	64.19468
99.728	96.86275	78.08976	64.53082
99.766	96.86275	77.85796	64.18768
99.805	96.86275	77.80392	64.08263
99.843	96.86275	77.85621	64.29272
99.882	96.86275	77.51111	63.97059
99.92	96.86275	77.54597	63.26331
99.96	96.86275	77.65926	64.19468
99.999	96.86275	77.94335	64.29972
100.037	96.86275	78.05839	64.7619
100.077	96.86275	77.71852	64.20168
100.116	96.86275	77.65577	63.94258
100.155	96.86275	77.74118	64.41177
100.193	96.86275	77.74118	64.41177
100.232	96.86275	77.83006	64.30672
100.272	96.86275	77.88933	64.75491
100.311	96.86275	77.71329	64.18768
100.349	96.86275	77.88758	64.41876
100.388	96.86275	77.74292	64.41177
100.427	96.86275	77.88758	64.53781
100.466	96.86275	78.00436	64.88095
100.505	96.86275	78.03224	64.53082
100.543	96.86275	77.77255	63.83754
100.588	96.86275	77.91895	64.41876
100.627	96.86275	78.11765	64.29972
100.666	96.86275	78.7207	65.68627
100.705	96.86275	78.9281	65.46918
100.744	96.86275	78.57952	64.53082
100.782	96.86275	78.35294	65.007
100.821	96.86275	78.49412	64.89496
100.86	96.86275	78.14728	65.11205
100.899	96.86275	78.72243	65.11905
100.938	96.86275	78.26057	64.76891
100.977	96.86275	78.31634	64.53082
101.015	96.86275	78.61089	65.007
101.053	96.86275	78.49237	65.22409
101.094	96.86275	78.48714	64.88095
101.133	96.86275	78.46449	64.88795
101.171	96.86275	78.45926	65.45518
101.211	96.86275	78.69804	65.11205
101.249	96.86275	78.58126	65.34314
101.287	96.86275	78.83747	64.993
101.326	96.86275	78.34597	64.41177
101.365	96.86275	78.69456	65.81232
101.403	96.86275	78.81133	65.2381
101.442	96.86275	78.89673	65.92437
101.48	96.86275	78.64227	65.13305
101.519	96.86275	78.72418	65.007
101.558	96.86275	78.86362	65.45518
101.599	96.86275	78.89848	65.34314
101.641	96.86275	78.89673	65.58124
101.68	96.86275	78.95251	65.46219
101.718	96.86275	78.80959	65.69328
101.756	96.86275	78.80436	65.57423
101.795	96.86275	78.98388	65.46918
101.835	96.86275	79.18781	66.28151
101.873	96.86275	79.18781	66.28151
101.912	96.86275	79.58518	66.37955
101.951	96.86275	79.09892	65.58823
101.99	96.86275	79.18257	65.80532
102.029	96.86275	79.24357	65.46918
102.068	96.86275	79.32723	66.38656
102.108	96.86275	79.61481	66.5056
102.148	96.86275	79.33072	65.93137
102.187	96.86275	79.27146	66.16246
102.227	96.86275	79.26971	65.46918
102.266	96.86275	79.24357	66.16246
102.307	96.86275	79.52941	66.27451
102.347	96.86275	79.36035	65.93838
102.386	96.86275	79.47015	66.15546
102.425	96.86275	79.52592	66.14846
102.465	96.86275	79.67233	66.7297
102.504	96.86275	79.5573	66.26751
102.543	96.86275	79.52767	66.15546
102.582	96.86275	79.7281	66.71568
102.623	96.86275	79.47538	65.81232
102.664	96.86275	79.82222	66.62465
102.702	96.86275	79.47015	65.92437
102.741	96.86275	79.6183	66.39355
102.782	96.86275	79.61481	66.15546
102.821	96.86275	79.61481	65.81933
102.86	96.86275	79.93202	67.07283
102.899	96.86275	79.70022	66.61765
102.938	96.86275	79.47364	66.04342
102.977	96.86275	79.67756	66.62465
103.017	96.86275	79.41264	65.81232
103.056	96.86275	79.93202	67.07983
103.096	96.86275	79.75599	66.60364
103.137	96.86275	79.5817	66.14846
103.176	96.86275	79.38998	65.81933
103.215	96.86275	79.41438	65.92437
103.254	96.86275	79.81351	66.95378
103.293	96.86275	79.5573	66.28151
103.332	96.86275	79.67059	66.38656
103.371	96.86275	79.81177	66.60364
103.411	96.86275	79.95817	66.72269
103.449	96.86275	79.9024	67.07283
103.489	96.86275	79.78911	66.27451
103.527	96.86275	79.66885	66.15546
103.568	96.86275	79.64096	66.4986
103.608	96.86275	79.6427	66.04342
103.649	96.86275	79.95992	66.96078
103.689	96.86275	80.13071	67.30392
103.729	96.86275	80.18998	66.61765
103.768	96.86275	80.21786	67.41597
103.806	96.86275	79.93028	66.84874
103.845	96.86275	79.87276	66.95378
103.884	96.86275	80.09934	67.18488
103.922	96.86275	79.9878	66.96078
103.961	96.86275	80.10458	67.19187
104	96.86275	79.8745	66.03642
104.04	96.86275	80.0732	66.95378
104.079	96.86275	80.13071	66.7297
104.117	96.86275	79.9878	66.4986
104.157	96.86275	79.87103	66.7297
104.196	96.86275	80.24924	66.96779
104.235	96.86275	80.27364	67.41597
104.273	96.86275	80.13246	67.19187
104.313	96.86275	80.13246	67.19187
104.352	96.86275	79.96165	66.61765
104.392	96.86275	80.39042	67.64706
104.433	96.86275	80.30327	67.30392
104.472	96.86275	80.18475	67.29692
104.511	96.86275	80.33638	67.19187
