Time	I.max_1	I.total_1	I.back_1
0	96.86275	78.23093	67.14986
0.038	96.86275	78.28671	66.79972
0.077	96.86275	78.60218	67.48599
0.115	96.86275	78.37386	67.14986
0.155	96.86275	78.17516	66.79972
0.192	96.86275	78.14379	66.91177
0.233	96.86275	78.06187	66.91177
0.271	96.86275	78.48889	67.03082
0.309	96.86275	78.43311	67.02381
0.348	96.86275	78.32331	66.91876
0.386	96.86275	78.19956	67.02381
0.424	96.86275	78.14205	66.79272
0.464	96.86275	78.37734	67.25491
0.504	96.86275	78.57081	67.25491
0.543	96.86275	78.22919	66.91177
0.581	96.86275	78.05665	66.79972
0.619	96.86275	78.0915	66.79972
0.658	96.86275	78.34422	67.25491
0.697	96.86275	78.05839	66.68067
0.735	96.86275	78.2902	67.2619
0.774	96.86275	78.2902	67.2619
0.813	96.86275	78.11765	66.80672
0.852	96.86275	78.23442	66.91177
0.89	96.86275	78.51678	67.2619
0.929	96.86275	78.20305	66.91177
0.968	96.86275	78.11242	67.03082
1.008	96.86275	78.0305	66.91177
1.046	96.86275	78.11765	66.91876
1.087	96.86275	78.25882	67.03082
1.125	96.86275	78.4244	67.03082
1.163	96.86275	78.26057	66.90476
1.202	96.86275	78.11765	67.03781
1.24	96.86275	77.97473	66.34454
1.279	96.86275	78.2048	67.14285
1.317	96.86275	78.05839	66.67367
1.356	96.86275	78.23791	66.92577
1.395	96.86275	78.22571	66.79972
1.433	96.86275	78.11765	66.45658
1.472	96.86275	78.34946	67.2619
1.51	96.86275	78.02528	66.91177
1.55	96.86275	78.14554	66.68768
1.589	96.86275	78.25882	67.14986
1.627	96.86275	78.22745	66.91177
1.665	96.86275	78.31111	67.13586
1.704	96.86275	78.40174	67.14285
1.743	96.86275	78.42963	67.14986
1.782	96.86275	78.12113	66.68768
1.82	96.86275	78.14379	67.02381
1.858	96.86275	78.19782	67.03082
1.897	96.86275	78.08802	66.91177
1.935	96.86275	78.0305	66.45658
1.973	96.86275	78.0305	66.45658
2.012	96.86275	78.11765	66.79972
2.053	96.86275	78.17342	67.14285
2.092	96.86275	78.25882	67.03082
2.131	96.86275	78.00784	66.69468
2.17	96.86275	78.20131	66.56863
2.208	96.86275	78.56906	67.03082
2.247	96.86275	78.25708	66.90476
2.285	96.86275	78.25708	66.90476
2.324	96.86275	78.25534	66.90476
2.363	96.86275	78.16819	66.91177
2.403	96.86275	78.1403	67.02381
2.441	96.86275	78.22745	66.91177
2.479	96.86275	78.20131	67.14285
2.518	96.86275	78.25708	66.79972
2.559	96.86275	78.3146	67.2619
2.598	96.86275	78.23442	67.14285
2.637	96.86275	78.25708	67.03082
2.676	96.86275	78.20131	67.03082
2.714	96.86275	77.93987	66.68768
2.753	96.86275	78.31634	67.2619
2.791	96.86275	78.43137	66.91177
2.829	96.86275	78.17342	66.91177
2.868	96.86275	78.14902	67.14986
2.906	96.86275	78.03573	66.68768
2.944	96.86275	78.00784	66.91876
2.984	96.86275	78.17342	67.03082
3.022	96.86275	78.20131	66.91177
3.062	96.86275	78.14728	66.79272
3.101	96.86275	78.02528	66.56162
3.139	96.86275	78.23791	66.92577
3.178	96.86275	78.40174	67.01681
3.217	96.86275	78.23442	67.03781
3.255	96.86275	78.2902	67.14986
3.294	96.86275	78.2902	67.14986
3.333	96.86275	77.67146	66.79972
3.372	96.86275	78.08976	66.80672
3.41	96.86275	78.37386	67.25491
3.449	96.86275	78.37386	67.14986
3.488	96.86275	78.20131	67.14285
3.526	96.86275	77.97647	67.03082
3.567	96.86275	78.14554	66.79272
3.607	96.86275	78.28497	67.02381
3.645	96.86275	78.12288	66.91876
3.684	96.86275	78.34597	67.03781
3.723	96.86275	78.12113	67.14285
3.761	96.86275	78.15076	66.80672
3.8	96.86275	78.20654	67.03082
3.839	96.86275	78.2048	67.03082
3.877	96.86275	78.25882	66.91876
3.917	96.86275	77.88933	66.80672
3.956	96.86275	78.23442	66.79972
3.994	96.86275	77.99913	66.68067
4.032	96.86275	78.3146	67.2619
4.073	96.86275	78.23268	67.03781
4.112	96.86275	77.88758	66.44958
4.15	96.86275	78.25882	67.03781
4.189	96.86275	78.14379	66.79972
4.229	96.86275	78.14728	66.91876
4.267	96.86275	78.28671	67.03781
4.306	96.86275	78.14728	66.80672
4.344	96.86275	78.05665	66.79972
4.382	96.86275	78.34771	67.14986
4.421	96.86275	78.25882	66.91177
4.46	96.86275	78.22919	66.91177
4.498	96.86275	77.9695	66.66666
4.538	96.86275	78.26231	66.91876
4.579	96.86275	77.47974	66.56162
4.618	96.86275	74.29543	63.89356
4.657	90.19608	70.81481	60.5112
4.695	83.92157	65.40131	58.32633
4.734	83.92157	65.40131	58.32633
4.772	70.98039	60.01046	53.31932
4.857	83.92157	60.65359	52.61205
4.901	96.86275	70.08105	57.09383
4.944	96.86275	73.00566	59.4888
4.984	96.86275	74.07059	59.71989
5.022	96.86275	73.89978	59.36975
5.061	96.86275	73.49542	59.4888
5.101	96.86275	72.12026	58.01821
5.14	96.86275	70.54118	57.33893
5.18	96.86275	69.59476	56.75771
5.219	96.86275	67.81873	56.17647
5.257	96.86275	67.33421	55.61625
5.296	96.86275	67.04488	55.38515
5.335	96.86275	66.90196	55.39216
5.373	96.86275	66.90196	55.39216
5.412	96.86275	67.04314	55.73529
5.451	96.86275	67.04662	55.63025
5.491	96.86275	67.79085	55.96638
5.53	96.86275	67.96514	56.42857
5.569	96.86275	68.48104	57.12185
5.61	96.86275	68.60131	57.0028
5.648	96.86275	68.48976	56.77171
5.687	96.86275	69.11721	57.33893
5.726	96.86275	69.74292	58.02521
5.765	96.86275	70.13333	57.44398
5.805	96.86275	70.59869	57.89216
5.843	96.86275	71.11808	57.90617
5.882	96.86275	72.00871	58.23529
5.921	96.86275	72.90283	59.04762
5.959	96.86275	74.12811	59.95098
5.998	96.86275	74.70327	60.29412
6.037	96.86275	75.15294	60.87535
6.075	96.86275	75.87974	61.09944
6.116	96.86275	76.21612	61.32353
6.156	96.86275	76.30327	61.44258
6.194	96.86275	76.56296	62.2619
6.233	96.86275	75.78387	61.20448
6.271	96.86275	75.02048	60.51821
6.31	96.86275	73.87016	59.60784
6.348	96.86275	72.89237	58.80952
6.387	96.86275	71.53987	57.90617
6.426	96.86275	69.65578	57.09383
6.465	96.86275	68.30327	56.06442
6.504	96.86275	67.44924	55.5042
6.542	96.86275	66.80959	55.62325
6.58	90.19608	66.26754	55.28011
6.622	90.19608	66.09673	55.28011
6.66	90.19608	65.94859	55.15406
6.698	90.19608	65.86841	54.81793
6.738	90.19608	66.09673	55.04902
6.777	90.19608	65.81438	54.94398
6.815	90.19608	65.81438	54.94398
6.854	90.19608	66.04794	55.7493
6.893	90.19608	65.92941	55.74229
6.932	90.19608	65.72723	55.39216
6.97	90.19608	65.83878	55.16107
7.009	90.19608	65.32288	54.69188
7.049	96.86275	65.61395	54.57983
7.088	96.86275	65.4257	54.82493
7.128	96.86275	66.10893	54.81793
7.168	96.86275	66.65099	54.57983
7.207	96.86275	67.54161	55.03501
7.245	96.86275	68.36427	55.71428
7.284	96.86275	69.4257	55.95238
7.323	96.86275	70.5708	56.97479
7.363	96.86275	71.60785	57.66807
7.401	96.86275	72.52636	58.13025
7.44	96.86275	72.66753	58.12325
7.479	96.86275	72.58562	58.36134
7.517	96.86275	72.34509	58.22829
7.555	96.86275	71.59913	57.43697
7.594	96.86275	71.05359	57.66107
7.635	96.86275	69.30544	56.63866
7.674	96.86275	68.08018	55.72129
7.713	96.86275	66.55512	54.92297
7.752	90.19608	65.88584	54.33474
7.79	90.19608	65.23573	54.10364
7.829	90.19608	64.7512	53.76751
7.867	90.19608	64.9586	54.35574
7.905	90.19608	64.86971	54.46078
7.944	90.19608	64.89761	54.22969
7.984	90.19608	64.8732	54.57983
8.022	90.19608	64.84009	54.34874
8.061	90.19608	64.87669	54.34874
8.099	90.19608	64.75991	54.82493
8.139	90.19608	64.67625	54.82493
8.179	90.19608	63.85185	53.78151
8.217	90.19608	63.59216	53.66246
8.256	90.19608	63.98954	53.53641
8.296	90.19608	63.56601	53.30532
8.335	90.19608	63.56601	53.30532
8.374	90.19608	63.78736	53.06023
8.412	96.86275	64.04531	53.06023
8.451	96.86275	64.4793	53.29131
8.49	96.86275	65.70632	53.88656
8.529	96.86275	66.45229	53.76751
8.568	96.86275	67.67756	54.55882
8.607	96.86275	68.67625	55.4832
8.649	96.86275	69.76907	55.93837
8.687	96.86275	70.45577	56.51961
8.726	96.86275	70.48017	56.63166
8.765	96.86275	70.54118	56.51261
8.803	96.86275	70.05141	56.16246
8.842	96.86275	69.18344	56.51261
8.881	96.86275	68.21613	55.81932
8.921	96.86275	67.24009	55.36415
8.959	96.86275	65.84052	54.34174
8.998	90.19608	65.00567	53.29832
9.037	90.19608	64.38519	53.53641
9.075	90.19608	64.4061	53.87955
9.113	90.19608	64.01394	53.42437
9.154	83.92157	63.89891	53.42437
9.193	90.19608	63.69847	53.42437
9.232	83.92157	63.90065	53.41737
9.271	90.19608	64.24226	53.9986
9.31	90.19608	64.01743	53.9986
9.348	83.92157	63.87451	53.65546
9.387	83.92157	63.24358	53.41036
9.425	83.92157	62.90196	52.72409
9.463	90.19608	63.1878	53.76751
9.502	83.92157	63.07974	53.31232
9.541	90.19608	62.76427	52.71709
9.58	90.19608	62.52723	52.24089
9.619	90.19608	62.92288	51.88375
9.66	90.19608	63.7037	52.71709
9.698	96.86275	64.49847	52.82913
9.737	96.86275	65.09978	53.17227
9.776	96.86275	66.24488	53.64146
9.814	96.86275	66.24488	53.64146
9.858	96.86275	68.41656	55.14706
9.897	96.86275	68.96209	55.70728
9.935	96.86275	69.33856	55.84034
9.974	96.86275	69.33856	55.84034
10.013	96.86275	68.81918	55.4902
10.052	96.86275	68.8488	55.60925
10.091	96.86275	68.18649	55.47619
10.13	96.86275	67.50153	54.69188
10.17	96.86275	66.32331	54.33474
10.211	90.19608	65.26536	53.30532
10.25	90.19608	64.55077	53.17227
10.288	90.19608	64.14815	52.94118
10.327	83.92157	63.72462	52.94118
10.366	83.92157	63.44052	52.83614
10.405	83.92157	63.30458	53.30532
10.443	83.92157	63.12157	52.59104
10.482	83.92157	63.38475	53.77451
10.522	83.92157	63.44401	53.52241
10.56	83.92157	63.38998	53.76751
10.599	83.92157	62.95076	53.05322
10.638	83.92157	63.12331	52.94118
10.678	83.92157	62.7573	52.82913
10.717	83.92157	62.41046	52.0028
10.756	83.92157	62.13507	52.2549
10.794	83.92157	61.92767	51.54062
10.834	90.19608	62.29716	51.78572
10.873	90.19608	62.58649	52.0168
10.911	90.19608	63.23835	52.12185
10.95	90.19608	63.81176	52.48599
10.988	96.86275	64.55251	52.71009
11.026	96.86275	65.29499	52.94118
11.065	96.86275	66.19085	53.87255
11.104	96.86275	67.15991	54.55182
11.143	96.86275	67.81525	54.67087
11.183	96.86275	68.04009	55.2451
11.223	96.86275	68.34161	55.60925
11.261	96.86275	67.95817	55.14706
11.3	96.86275	67.62004	55.03501
11.338	96.86275	67.16166	54.69188
11.376	96.86275	66.12113	53.9846
11.416	90.19608	65.41177	53.76751
11.455	90.19608	64.72505	53.18628
11.494	90.19608	64.72505	53.18628
11.532	90.19608	64.06448	52.35994
11.571	90.19608	63.69673	52.82913
11.61	83.92157	63.15469	52.24089
11.649	83.92157	63.35686	52.82213
11.69	83.92157	63.21394	53.17927
11.729	83.92157	63.32898	53.19328
11.768	83.92157	63.1512	52.93417
11.807	83.92157	62.87059	52.71009
11.846	83.92157	62.78693	52.59804
11.885	83.92157	62.95948	53.07423
11.923	83.92157	62.58824	52.14285
11.962	83.92157	62.50458	52.72409
12.001	83.92157	62.41917	52.60504
12.04	83.92157	61.78649	51.54062
12.08	83.92157	62.01307	51.42857
12.118	90.19608	62.41046	52.0168
12.157	90.19608	62.92288	51.77871
12.197	90.19608	63.23312	51.76471
12.236	90.19608	64.01569	52.71709
12.275	96.86275	64.7268	52.47899
12.314	96.86275	65.55469	53.41036
12.352	96.86275	66.18736	53.86555
12.392	96.86275	66.69455	53.7395
12.431	96.86275	67.13377	54.45378
12.469	96.86275	67.27146	54.44678
12.508	96.86275	67.09368	54.43277
12.546	96.86275	66.84096	54.21569
12.585	96.86275	66.41045	53.9916
12.624	96.86275	65.74989	53.9986
12.663	90.19608	64.78257	52.94118
12.704	90.19608	64.4671	52.71009
12.743	90.19608	64.09935	53.06723
12.781	90.19608	63.46492	52.82913
12.82	83.92157	62.98214	52.35994
12.859	83.92157	62.95599	52.82913
12.897	83.92157	62.8061	52.0028
12.935	83.92157	62.78693	52.59104
12.974	83.92157	62.89848	53.17927
13.014	83.92157	62.89848	53.17927
13.053	83.92157	62.87407	53.17927
13.092	83.92157	62.58127	52.82913
13.131	83.92157	62.35468	52.13585
13.17	83.92157	62.4122	52.0168
13.21	83.92157	62.01133	51.54062
13.25	83.92157	62.12636	52.12885
13.289	83.92157	61.95904	51.77871
13.328	83.92157	61.98519	52.0168
13.367	83.92157	62.0427	51.19748
13.406	90.19608	62.3512	51.19048
13.444	90.19608	63.21394	52.36695
13.483	90.19608	63.71939	52.0098
13.522	96.86275	64.26667	52.37395
13.56	96.86275	65.03529	52.59104
13.599	96.86275	65.52854	53.52241
13.639	96.86275	66.44183	54.46078
13.677	96.86275	66.55338	53.62745
13.719	96.86275	66.12637	53.06023
13.757	96.86275	66.81481	54.44678
13.796	96.86275	66.35468	53.87955
13.835	96.86275	66.18214	54.34174
13.873	96.86275	65.37691	53.06023
13.911	96.86275	64.63791	52.59104
13.951	90.19608	64.38519	52.95518
13.99	90.19608	63.91634	52.59104
14.028	90.19608	63.78039	52.70308
14.067	90.19608	63.2976	52.59804
14.106	83.92157	62.77995	52.0098
14.144	83.92157	62.60392	52.36695
14.183	83.92157	62.46449	52.0098
14.223	83.92157	62.67015	51.89075
14.263	83.92157	62.61089	52.71709
14.302	83.92157	62.49586	52.35294
14.34	83.92157	62.55338	52.59104
14.379	83.92157	62.12288	51.77871
14.418	83.92157	62.35817	52.13585
14.456	83.92157	61.98693	51.91177
14.494	83.92157	62.01307	51.78572
14.534	83.92157	62.01307	51.78572
14.574	83.92157	61.86841	51.54762
14.613	90.19608	62.09325	51.19048
14.651	90.19608	62.72593	51.89775
14.69	90.19608	63.00828	51.77871
14.731	90.19608	63.20697	51.77871
14.77	90.19608	63.83617	52.0168
14.809	96.86275	64.41133	52.0168
14.851	96.86275	65.1573	53.29131
14.891	96.86275	65.49368	52.81513
14.93	96.86275	65.6366	52.82213
14.968	96.86275	66.12984	53.52241
15.007	96.86275	66.15424	53.5084
15.046	96.86275	66.14728	53.85154
15.084	96.86275	65.66449	53.39636
15.123	90.19608	64.80174	52.47199
15.162	90.19608	64.61351	52.94118
15.202	90.19608	64.15861	52.71009
15.247	90.19608	64.01046	52.70308
15.287	90.19608	63.72462	52.94118
15.325	83.92157	63.03093	51.89075
15.364	83.92157	62.89325	52.23389
15.403	83.92157	62.66144	52.0098
15.442	83.92157	62.92462	52.59104
15.48	83.92157	62.6353	52.0098
15.52	83.92157	62.18213	51.66667
15.559	83.92157	62.35817	52.0028
15.597	83.92157	62.17865	51.90476
15.636	83.92157	62.21002	51.78572
15.674	83.92157	61.95729	51.90476
15.713	83.92157	61.78126	51.08543
15.754	83.92157	61.72549	51.65966
15.792	83.92157	61.86666	51.43558
15.831	83.92157	61.95207	51.19048
15.87	90.19608	62.38257	51.65966
15.909	90.19608	62.46623	51.18347
15.947	90.19608	62.89674	51.54762
15.987	90.19608	63.37952	51.89775
16.025	96.86275	64.26492	52.46499
16.063	96.86275	64.57342	52.35294
16.102	96.86275	64.97778	52.92717
16.141	96.86275	65.38213	52.93417
16.18	96.86275	65.55643	53.06023
16.223	96.86275	66.01482	53.7605
16.263	96.86275	65.6976	53.40336
16.302	96.86275	65.47102	53.17927
16.341	90.19608	65.06144	53.05322
16.38	90.19608	64.69542	53.05322
16.418	90.19608	64.60479	52.81513
16.458	90.19608	63.95642	53.06723
16.497	90.19608	63.37952	52.0028
16.535	90.19608	63.11982	52.0098
16.574	90.19608	63.11982	52.0098
16.613	83.92157	62.80436	51.89075
16.652	83.92157	62.89674	52.36695
16.691	83.92157	62.49063	51.89075
16.729	83.92157	62.12113	51.77171
16.771	83.92157	62.21002	51.66667
16.81	83.92157	62.06013	51.77871
16.849	83.92157	62.15251	51.65966
16.888	83.92157	62.0061	51.54762
16.926	83.92157	61.77778	51.77871
16.965	83.92157	61.75686	51.42857
17.004	83.92157	61.66623	51.32353
17.043	83.92157	61.83878	51.66667
17.083	83.92157	61.84227	51.08543
17.121	90.19608	62.09673	51.32353
17.16	90.19608	62.12288	51.07843
17.199	90.19608	62.49586	51.08543
17.237	90.19608	63.46666	52.02381
17.277	90.19608	63.80828	51.89775
17.317	96.86275	64.12374	52.35294
17.355	96.86275	64.28758	51.78572
17.395	96.86275	64.7756	52.35994
17.433	96.86275	65.43268	53.15826
17.472	96.86275	65.23399	53.05322
17.51	96.86275	65.00392	52.58403
17.549	96.86275	65.03181	52.82213
17.588	96.86275	64.60828	52.47199
17.626	90.19608	64.57865	52.58403
17.665	90.19608	64.17952	52.47899
17.704	90.19608	63.46144	51.9958
17.743	90.19608	62.91416	51.88375
17.784	90.19608	63.03442	52.12885
17.822	83.92157	62.65795	51.65266
17.86	83.92157	62.51852	52.12185
17.9	83.92157	62.41046	52.24089
17.938	83.92157	62.0305	51.54062
17.977	83.92157	62.06536	51.65966
18.016	83.92157	62.06885	51.77871
18.055	83.92157	62.18039	51.77871
18.093	83.92157	62.18039	51.77871
18.132	83.92157	61.77429	51.30252
18.171	83.92157	61.57909	51.33053
18.21	83.92157	61.49368	51.55462
18.249	83.92157	61.75338	51.54762
18.289	83.92157	61.61394	51.21148
18.33	83.92157	61.29673	50.97339
18.369	83.92157	61.6122	51.09244
18.407	83.92157	61.75512	50.98739
18.446	90.19608	62.37909	51.42857
18.485	90.19608	62.7573	51.68068
18.524	90.19608	62.89674	51.55462
18.562	90.19608	63.35512	51.44958
18.601	90.19608	63.91983	51.67367
18.641	96.86275	64.49151	52.12185
18.68	96.86275	64.80348	52.69608
18.719	96.86275	64.55251	52.12885
18.757	96.86275	64.83311	52.57703
18.798	90.19608	64.46362	52.34594
18.837	90.19608	64.77908	53.17227
18.875	90.19608	64.29804	52.47899
18.914	90.19608	63.86754	52.12885
18.953	90.19608	63.57996	52.24089
18.992	90.19608	63.14597	51.9958
19.03	90.19608	63.12854	52.0168
19.069	83.92157	62.69281	51.66667
19.108	83.92157	62.32157	51.54762
19.146	83.92157	62.16994	51.30252
19.184	83.92157	62.11765	51.89075
19.223	83.92157	61.83181	51.42857
19.263	83.92157	62.03224	51.54062
19.303	83.92157	61.46056	50.97339
19.342	83.92157	61.37865	51.21148
19.381	83.92157	61.34902	50.85434
19.419	83.92157	61.28801	50.85434
19.458	83.92157	61.35425	51.31653
19.496	83.92157	61.31416	50.96638
19.535	83.92157	61.52157	50.97339
19.574	83.92157	61.55294	51.09244
19.614	83.92157	61.55294	51.09244
19.652	83.92157	61.74815	51.19748
19.691	90.19608	62.0671	51.32353
19.73	90.19608	62.18039	50.96638
19.769	90.19608	62.41394	51.21148
19.81	90.19608	63.04488	51.43558
19.852	90.19608	63.66013	51.66667
19.893	90.19608	64.03486	51.56163
19.932	90.19608	64.12026	52.02381
19.971	90.19608	64.0366	52.13585
20.01	96.86275	64.37821	52.24089
20.049	90.19608	64.37473	52.35294
20.088	90.19608	64.04183	52.35994
20.126	90.19608	63.86405	52.12185
20.165	90.19608	63.6671	52.2479
20.205	90.19608	63.34989	51.65966
20.243	90.19608	63.23486	51.77871
20.282	83.92157	62.83399	51.77171
20.323	83.92157	62.09325	51.21148
20.362	83.92157	62.14728	51.65966
20.401	83.92157	62.0305	51.54062
20.44	83.92157	62.12636	51.90476
20.478	83.92157	61.97473	51.65266
20.518	83.92157	61.31416	50.97339
20.557	83.92157	61.2915	51.33053
20.595	83.92157	61.51634	51.20448
20.634	83.92157	61.34728	51.19748
20.672	83.92157	61.3525	50.98039
20.711	83.92157	60.68845	50.73529
20.749	83.92157	61.09107	50.84734
20.788	83.92157	61.14859	50.85434
20.829	83.92157	61.2671	50.5042
20.868	83.92157	61.49194	51.20448
20.907	83.92157	61.60523	50.74229
20.945	90.19608	61.89281	51.20448
20.984	90.19608	62.03399	50.85434
21.023	90.19608	62.69281	51.31653
21.061	90.19608	63.12331	51.55462
21.099	90.19608	63.21046	51.42857
21.138	90.19608	63.86928	52.47899
21.178	90.19608	63.97734	52.11485
21.216	90.19608	63.97908	51.89775
21.255	90.19608	63.97908	51.65966
21.294	90.19608	63.97908	51.65966
21.334	90.19608	63.6671	51.89775
21.374	90.19608	63.55207	51.88375
21.413	90.19608	63.55207	51.88375
21.452	90.19608	63.4109	51.89775
21.492	90.19608	63.1512	51.77871
21.531	90.19608	62.3146	51.19048
21.569	83.92157	62.40523	51.30952
21.608	83.92157	62.17691	51.30952
21.647	83.92157	62.00262	51.19748
21.686	83.92157	61.89107	51.31653
21.725	83.92157	61.74815	51.20448
21.764	83.92157	61.54074	51.07843
21.803	83.92157	61.28627	50.95938
21.844	83.92157	61.35076	51.31653
21.884	83.92157	60.89064	50.73529
21.922	83.92157	60.89586	50.97339
21.961	83.92157	61.06841	50.98039
21.999	83.92157	61.06318	51.08543
22.038	83.92157	60.97952	50.97339
22.076	83.92157	61.20784	51.08543
22.116	83.92157	61.00741	50.73529
22.155	83.92157	61.51982	50.97339
22.193	83.92157	61.49194	50.85434
22.232	90.19608	61.81089	50.96638
22.271	90.19608	62.23617	50.97339
22.309	90.19608	62.23791	50.98039
22.349	90.19608	62.95076	51.43558
22.389	90.19608	63.23835	51.78572
22.428	90.19608	63.46492	51.54762
22.467	90.19608	63.61133	51.66667
22.505	90.19608	63.43181	51.77871
22.544	90.19608	63.63224	52.0028
22.583	90.19608	63.40392	51.54062
22.622	90.19608	63.20348	51.54762
22.66	90.19608	62.88453	51.54062
22.699	83.92157	62.72419	51.65966
22.738	90.19608	62.42963	51.30952
22.777	83.92157	62.20479	51.30952
22.816	83.92157	61.89107	51.20448
22.857	83.92157	61.80043	51.30952
22.895	83.92157	61.28627	50.84734
22.934	83.92157	61.34205	50.95938
22.973	83.92157	61.34205	50.95938
23.012	83.92157	61.34902	50.97339
23.052	83.92157	61.31765	51.42857
23.09	83.92157	60.861	50.96638
23.129	83.92157	60.9464	50.74229
23.168	83.92157	61.03355	50.73529
23.207	83.92157	60.65534	50.51821
23.245	83.92157	60.74597	50.38515
23.284	83.92157	60.60479	50.60925
23.323	83.92157	60.80175	50.96638
23.364	83.92157	60.74597	50.28011
23.404	83.92157	61.09281	50.63726
23.443	83.92157	61.0597	50.27311
23.481	83.92157	61.722	50.85434
23.52	83.92157	61.37516	50.61625
23.559	83.92157	61.86144	51.07843
23.598	83.92157	61.77603	51.19748
23.636	83.92157	61.63137	50.84734
23.676	83.92157	61.89107	51.42157
23.715	83.92157	61.77255	51.18347
23.753	83.92157	61.83007	51.42157
23.792	83.92157	61.86318	51.30952
23.831	83.92157	61.39434	50.95238
23.872	83.92157	61.80741	51.67367
23.912	83.92157	61.74641	51.54762
23.95	83.92157	61.97473	51.77171
23.989	83.92157	61.63137	51.31653
24.028	83.92157	61.34205	51.07143
24.066	83.92157	61.59651	51.54062
24.105	83.92157	61.88932	52.02381
24.144	83.92157	61.56514	51.53362
24.182	83.92157	61.56689	51.42157
24.221	83.92157	61.09107	51.66667
24.26	83.92157	61.25664	51.42857
24.3	83.92157	61.71677	51.89775
24.338	83.92157	61.39957	51.54762
24.378	83.92157	61.39782	51.89775
24.418	83.92157	61.14336	51.54762
24.456	83.92157	61.31416	51.77871
24.495	83.92157	60.97081	51.65966
24.534	83.92157	61.22876	51.65266
24.572	83.92157	61.22876	51.65266
24.612	83.92157	61.11547	51.65966
24.651	77.25491	60.9342	51.64566
24.69	83.92157	61.13813	51.54062
24.728	83.92157	61.02309	51.19048
24.767	83.92157	60.90981	51.29552
24.806	77.25491	60.74074	51.19048
24.845	77.25491	60.93943	51.54062
24.886	83.92157	60.96907	51.30252
24.925	83.92157	60.62745	51.08543
24.964	77.25491	60.73726	51.18347
25.003	83.92157	60.62745	51.30252
25.042	77.25491	60.37473	51.07843
25.08	77.25491	60.60305	51.30952
25.119	77.25491	60.85403	51.54062
25.158	77.25491	60.48279	51.19048
25.196	77.25491	60.45665	51.42157
25.236	77.25491	60.19695	50.84034
25.275	77.25491	60.59956	51.19748
25.313	77.25491	60.3451	51.30252
25.352	77.25491	60.40087	51.42157
25.392	77.25491	60.26144	51.31653
25.431	77.25491	59.8902	50.61625
25.47	77.25491	60.63094	51.66667
25.508	77.25491	60.34858	51.20448
25.548	77.25491	60.08715	50.72129
25.587	77.25491	59.80654	50.72829
25.625	77.25491	59.88671	50.95938
25.663	77.25491	60.03835	51.07843
25.702	77.25491	59.94423	50.72129
25.741	77.25491	59.91808	50.94538
25.779	77.25491	59.79956	50.37115
25.818	77.25491	59.57821	50.37815
25.858	77.25491	59.91983	50.95938
25.9	77.25491	60.061	51.30252
25.939	77.25491	59.8658	50.84734
25.979	77.25491	59.72462	51.07843
26.017	77.25491	59.57821	50.37115
26.056	77.25491	60.12374	51.30952
26.095	77.25491	59.75251	50.73529
26.133	77.25491	59.6061	50.60925
26.173	77.25491	59.6061	50.60925
26.212	77.25491	59.52069	50.4902
26.251	77.25491	59.5573	51.19748
26.29	77.25491	59.58344	50.96638
26.329	77.25491	59.57647	50.37115
26.367	77.25491	59.63399	50.60225
26.408	77.25491	59.24183	50.27311
26.448	77.25491	59.32026	50.02101
26.487	77.25491	59.58344	50.84734
26.526	77.25491	59.18257	49.91597
26.565	77.25491	59.41438	50.38515
26.604	77.25491	59.07277	50.4972
26.642	77.25491	59.10065	50.26611
26.681	77.25491	59.33072	50.62325
26.72	77.25491	59.04314	50.25911
26.759	77.25491	59.26449	50.4902
26.798	77.25491	58.9281	50.4902
26.837	77.25491	59.10065	50.84734
26.875	77.25491	59.817	51.54762
26.917	77.25491	59.15817	50.61625
26.955	77.25491	58.98039	50.14006
26.993	77.25491	58.93856	50.40617
27.032	77.25491	58.98736	50.4902
27.071	77.25491	58.84793	50.4972
27.11	77.25491	58.64401	49.92297
27.149	77.25491	58.69804	50.14006
27.187	77.25491	58.81482	49.91597
27.226	77.25491	58.56384	50.16807
27.265	77.25491	58.8061	49.55882
27.303	77.25491	58.58823	50.03502
27.341	70.98039	58.67364	50.02801
27.38	77.25491	58.69978	50.26611
27.421	77.25491	58.67538	50.4972
27.461	77.25491	58.7817	49.90897
27.499	70.98039	58.64227	50.02101
27.538	70.98039	58.67189	50.37815
27.576	70.98039	58.62135	50.27311
27.615	70.98039	58.3024	49.46078
27.654	70.98039	58.63007	50.7493
27.692	70.98039	58.63007	50.7493
27.732	70.98039	58.53246	50.15406
27.771	77.25491	58.41569	50.26611
27.81	70.98039	57.96253	49.57283
27.849	70.98039	58.3024	49.81092
27.888	70.98039	58.47843	49.69188
27.929	77.25491	58.21177	49.91597
27.967	70.98039	58.24662	49.81092
28.006	70.98039	58.32331	49.80392
28.046	70.98039	58.04096	49.57283
28.085	70.98039	58.1769	49.09664
28.124	70.98039	58.24314	49.80392
28.162	70.98039	58.09673	49.20168
28.201	70.98039	57.95207	49.32073
28.24	70.98039	57.97996	49.67787
28.278	70.98039	57.91895	49.44678
28.317	70.98039	57.92767	49.21569
28.357	70.98039	58.18911	49.68487
28.395	70.98039	57.85098	49.69188
28.435	70.98039	58.00958	49.20868
28.475	70.98039	58.04445	49.80392
28.514	70.98039	57.86841	49.43977
28.552	70.98039	58.07407	50.26611
28.591	70.98039	58.25011	50.06303
28.629	70.98039	57.92767	49.46078
28.669	70.98039	57.78475	49.34174
28.708	70.98039	57.69934	49.21569
28.746	70.98039	57.84052	49.33474
28.784	70.98039	57.74989	49.34874
28.823	70.98039	57.66623	49.21569
28.862	70.98039	57.15207	48.7535
28.9	70.98039	57.20261	48.62745
28.941	70.98039	57.92244	49.44678
28.979	70.98039	57.24096	48.64146
29.019	70.98039	57.47277	48.7535
29.057	70.98039	57.41525	48.9986
29.096	70.98039	57.43965	49.22969
29.134	70.98039	57.73421	49.80392
29.174	70.98039	57.38388	49.11064
29.212	70.98039	57.38388	49.11064
29.251	70.98039	57.2671	49.34874
29.29	70.98039	57.47103	48.9916
29.33	70.98039	57.32113	48.86554
29.369	70.98039	57.50065	49.22269
29.408	70.98039	57.46928	49.45378
29.448	70.98039	57.2671	49.34174
29.488	70.98039	57.15033	48.87255
29.527	70.98039	57.09281	48.7535
29.565	70.98039	57.40828	48.7535
29.604	70.98039	57.4379	49.22269
29.644	70.98039	57.1817	48.64146
29.683	70.98039	56.8366	48.52941
29.722	70.98039	56.86449	48.29132
29.761	70.98039	57.15381	48.7465
29.801	70.98039	57.00915	49.10364
29.839	70.98039	56.41307	48.07423
29.878	70.98039	56.86449	48.64846
29.917	70.98039	56.87495	48.54342
29.958	70.98039	57.06667	49.11765
29.997	70.98039	56.94815	48.7535
30.036	70.98039	56.24052	48.29832
30.074	70.98039	56.72331	48.29832
30.112	70.98039	56.89063	48.52941
30.151	70.98039	56.91852	48.7535
30.19	70.98039	57.14684	48.85854
30.228	70.98039	56.60131	48.62745
30.268	70.98039	56.80523	48.29132
30.307	70.98039	56.94989	48.87255
30.345	70.98039	57.06318	48.52241
30.384	70.98039	56.86449	48.64846
30.422	70.98039	56.6902	48.9916
30.462	70.98039	56.61177	48.64846
30.502	70.98039	56.60305	48.16526
30.54	70.98039	56.74945	48.39636
30.58	70.98039	56.58562	48.64846
30.618	70.98039	56.61699	48.30532
30.657	70.98039	56.34858	48.06023
30.695	70.98039	56.49499	48.06023
30.734	70.98039	56.81743	48.31232
30.773	70.98039	56.66754	48.52941
30.811	70.98039	56.66754	48.52941
30.85	70.98039	55.81874	47.61205
30.89	70.98039	56.41307	48.06723
30.929	70.98039	56.29107	47.94818
30.97	70.98039	56.67451	48.63446
31.009	70.98039	56.37647	48.17227
31.048	70.98039	56.15686	48.06023
31.086	70.98039	56.20741	48.06723
31.125	70.98039	56.31721	47.94118
31.164	70.98039	56.37822	47.94818
31.204	70.98039	56.52113	48.52241
31.243	70.98039	56.69194	48.7465
31.281	70.98039	56.15512	48.19328
31.32	70.98039	56.32767	47.94118
31.359	70.98039	56.43399	48.05322
31.397	70.98039	56.35556	48.52941
31.436	70.98039	55.91808	47.71709
31.476	70.98039	56.43399	48.40336
31.517	70.98039	56.15163	47.83613
31.555	70.98039	56.07669	48.41737
31.594	70.98039	56.32592	48.17927
31.632	70.98039	55.98954	47.83613
31.671	70.98039	56.18301	47.95518
31.71	70.98039	56.01394	47.71709
31.748	70.98039	55.76122	47.96218
31.786	70.98039	56.12201	48.28431
31.826	70.98039	55.56427	48.07423
31.865	70.98039	55.95469	47.95518
31.903	70.98039	55.95469	47.71709
31.942	70.98039	55.98257	47.94818
31.983	70.98039	56.0122	48.17227
32.021	70.98039	55.76122	48.07423
32.06	70.98039	55.81525	47.72409
32.098	70.98039	55.84139	48.17927
32.138	70.98039	55.97909	47.71709
32.176	70.98039	55.84662	47.84314
32.215	70.98039	55.27494	47.5
32.253	70.98039	55.87103	47.83613
32.292	70.98039	55.87103	47.83613
32.331	70.98039	55.98083	47.94818
32.37	70.98039	55.5939	47.84314
32.408	70.98039	55.73682	47.95518
32.448	70.98039	55.36035	47.26191
32.487	70.98039	55.76296	47.60504
32.528	70.98039	55.73333	47.61205
32.567	70.98039	55.42309	47.38095
32.606	70.98039	55.50675	47.83613
32.645	70.98039	55.44576	47.493
32.683	70.98039	54.87408	47.2549
32.722	70.98039	54.93682	47.03081
32.761	70.98039	55.05011	47.27591
32.8	70.98039	55.1634	47.37395
32.839	70.98039	54.90893	47.26891
32.877	70.98039	55.24357	47.59804
32.916	70.98039	55.22092	47.5
32.954	70.98039	55.18605	47.71709
32.993	70.98039	55.21743	47.73109
33.032	70.98039	55.19477	47.61205
33.073	70.98039	55.47712	47.61205
33.111	70.98039	55.30806	47.72409
33.15	70.98039	55.26971	47.60504
33.188	70.98039	55.33595	47.61205
33.226	70.98039	55.21743	47.26891
33.265	70.98039	55.07102	47.37395
33.303	70.98039	55.27843	47.61205
33.341	70.98039	55.10239	47.36695
33.381	64.70588	54.99608	47.14986
33.42	70.98039	55.24183	47.59804
33.458	70.98039	55.27669	47.60504
33.496	70.98039	55.15991	47.60504
33.536	70.98039	54.84967	47.14986
33.576	70.98039	55.18954	47.83613
33.615	70.98039	55.10414	47.26191
33.653	70.98039	55.18082	47.486
33.692	70.98039	55.18082	47.486
33.731	70.98039	54.84096	47.14286
33.77	64.70588	52.55773	45.07003
33.809	64.70588	51.34641	43.03221
33.847	70.98039	53.41699	44.40476
33.886	83.92157	58.42266	47.47199
33.924	96.86275	64.40958	51.08543
33.963	96.86275	70.08105	55.60225
34.004	96.86275	73.15381	58.0042
34.042	96.86275	74.27277	58.69048
34.081	96.86275	73.55468	58.57843
34.121	96.86275	71.40392	57.31793
34.159	96.86275	67.5573	55.15406
34.198	90.19608	63.81002	52.83614
34.237	83.92157	60.36776	50.72129
34.275	77.25491	59.08322	49.67087
34.314	77.25491	58.4244	48.98459
34.353	77.25491	58.76427	49.20168
34.391	77.25491	59.93551	50.25911
34.43	77.25491	60.62048	50.83333
34.468	83.92157	61.80218	52.36695
34.507	83.92157	62.08976	52.47899
34.546	83.92157	62.49935	53.18628
34.584	83.92157	62.47321	52.72409
34.625	83.92157	62.12984	52.03782
34.663	83.92157	62.13507	52.14285
34.702	83.92157	62.27451	51.55462
34.74	90.19608	63.01002	51.77871
34.778	96.86275	64.12897	52.37395
34.817	96.86275	65.73595	52.72409
34.856	96.86275	68.27538	54.67787
34.894	96.86275	70.42615	55.94538
34.933	96.86275	72.06623	56.96778
34.972	96.86275	72.06623	56.96778
35.012	96.86275	73.38039	58.34034
35.05	96.86275	74.29194	59.36274
35.089	96.86275	74.10371	59.03362
35.13	96.86275	73.06318	58.80252
35.168	96.86275	71.45272	57.66107
35.207	96.86275	69.47276	56.06442
35.245	96.86275	66.49412	55.02801
35.285	90.19608	64.26667	53.31232
35.324	83.92157	61.97821	51.53362
35.362	83.92157	60.94292	51.42857
35.401	77.25491	60.50893	50.95238
35.44	83.92157	60.56819	50.95238
35.479	83.92157	61.11372	51.19048
35.517	83.92157	61.83529	52.0098
35.557	83.92157	62.52897	52.47899
35.596	83.92157	62.83747	52.35994
35.636	90.19608	63.3586	52.47899
35.675	90.19608	64.04357	53.08823
35.713	90.19608	64.38692	52.84314
35.751	96.86275	65.85272	53.55042
35.79	96.86275	67.33768	54.46078
35.829	96.86275	69.1329	55.72129
35.867	96.86275	70.65969	56.63866
35.907	96.86275	71.66187	57.55602
35.945	96.86275	73.15556	58.35434
35.983	96.86275	74.50283	59.83193
36.022	96.86275	75.07102	59.94398
36.061	96.86275	75.30632	60.41317
36.099	96.86275	74.64227	59.59383
36.139	96.86275	73.58257	58.57843
36.178	96.86275	72.34509	57.9902
36.217	96.86275	70.62484	57.21288
36.255	96.86275	68.81568	56.18347
36.294	96.86275	66.44009	55.14006
36.332	96.86275	66.44009	55.14006
36.371	90.19608	64.58214	53.18628
36.41	90.19608	63.97908	53.29832
36.448	83.92157	63.24358	53.07423
36.487	83.92157	63.01699	52.83614
36.527	83.92157	62.84444	52.71009
36.567	90.19608	63.38475	53.06723
36.606	90.19608	64.12724	53.53641
36.646	90.19608	64.66928	53.54342
36.685	96.86275	65.33334	54.13166
36.723	96.86275	66.05664	54.36274
36.762	96.86275	67.45098	54.69188
36.8	96.86275	69.08235	55.83333
36.84	96.86275	70.45926	56.75771
36.879	96.86275	71.63399	57.66807
36.917	96.86275	72.69891	57.66107
36.956	96.86275	74.03922	59.13866
36.994	96.86275	75.18954	59.83193
37.034	96.86275	75.83965	60.52521
37.072	96.86275	76.09934	60.74229
37.11	96.86275	75.84663	60.40617
37.151	96.86275	75.50153	60.29412
37.189	96.86275	74.6963	60.29412
37.228	96.86275	73.37517	59.2507
37.267	96.86275	71.82397	58.11625
37.305	96.86275	70.08627	56.64566
37.343	96.86275	68.73203	55.95238
37.382	96.86275	66.89848	54.92997
37.42	90.19608	66.01307	54.69888
37.459	90.19608	65.1817	53.88656
37.498	90.19608	64.61002	53.64846
37.536	90.19608	64.86971	54.0056
37.576	90.19608	65.07364	54.2437
37.614	96.86275	65.75338	54.56583
37.653	96.86275	66.44532	54.80392
37.693	96.86275	67.02396	54.92997
37.732	96.86275	67.02396	54.92997
37.772	96.86275	68.50196	55.83333
37.81	96.86275	69.77254	56.30252
37.849	96.86275	71.02571	57.44398
37.888	96.86275	72.0122	57.66807
37.927	96.86275	72.95512	58.58543
37.965	96.86275	74.44009	59.60084
38.004	96.86275	75.58344	60.04902
38.043	96.86275	76.03835	60.5112
38.084	96.86275	76.69717	61.54062
38.122	96.86275	76.46362	61.77871
38.161	96.86275	76.55948	61.43558
38.201	96.86275	76.16383	61.09944
38.24	96.86275	75.38824	60.63726
38.278	96.86275	74.3024	59.71989
38.317	96.86275	72.92027	58.68347
38.355	96.86275	71.33595	57.77311
38.395	96.86275	70.33376	57.32493
38.433	96.86275	69.19041	56.51961
38.472	96.86275	67.67582	55.38515
38.51	96.86275	66.49412	54.69888
38.549	96.86275	66.47495	54.70588
38.588	96.86275	66.52549	54.69188
38.626	96.86275	66.93333	55.26611
38.665	96.86275	67.36732	55.15406
38.706	96.86275	67.84488	56.07143
38.744	96.86275	69.05098	56.29552
38.782	96.86275	70.11591	56.75771
38.821	96.86275	71.31155	57.66807
38.859	96.86275	72.35207	57.66807
38.898	96.86275	73.38388	59.14566
38.936	96.86275	74.55861	59.4888
38.974	96.86275	75.49455	60.16807
39.014	96.86275	76.0122	60.39216
39.053	96.86275	76.52985	61.20448
39.091	96.86275	76.52985	61.20448
39.13	96.86275	76.81743	61.79972
39.169	96.86275	76.90458	61.90476
39.209	96.86275	76.8976	62.0168
39.248	96.86275	76.30849	61.10644
39.286	96.86275	75.44227	60.64426
39.325	96.86275	74.33202	59.95798
39.365	96.86275	73.4379	59.27171
39.404	96.86275	72.60828	58.69048
39.442	96.86275	71.36384	57.89216
39.481	96.86275	70.19782	56.88375
39.52	96.86275	69.12941	56.63866
39.558	96.86275	68.54031	55.73529
39.597	96.86275	68.61699	56.86975
39.636	96.86275	68.30327	55.95938
39.675	96.86275	68.42004	55.72129
39.715	96.86275	69.01438	56.40056
39.754	96.86275	69.42048	56.18347
39.792	96.86275	70.77473	57.22689
39.83	96.86275	71.40044	57.78011
39.87	96.86275	72.52811	58.12325
39.909	96.86275	73.41002	59.13866
39.947	96.86275	74.52898	59.83193
39.986	96.86275	75.40915	60.28011
40.025	96.86275	76.24052	61.19748
40.064	96.86275	76.78082	61.30952
40.102	96.86275	76.9586	61.66667
40.141	96.86275	77.07538	61.66667
40.179	96.86275	77.41525	62.58403
40.218	96.86275	76.98649	62.35294
40.258	96.86275	76.41133	61.65966
40.297	96.86275	75.58693	61.10644
40.336	96.86275	74.84097	60.52521
40.374	96.86275	73.95033	59.48179
40.412	96.86275	73.95033	59.48179
40.451	96.86275	72.97429	58.68347
40.49	96.86275	72.17081	58.68347
40.528	96.86275	71.22266	57.77311
40.567	96.86275	70.59695	57.55602
40.608	96.86275	70.02353	56.87675
40.646	96.86275	69.78824	56.41457
40.685	96.86275	69.76208	56.75771
40.724	96.86275	69.73072	56.62465
40.764	96.86275	70.39651	56.87675
40.802	96.86275	71.11111	57.56303
40.841	96.86275	71.83268	58.46638
40.88	96.86275	72.69543	58.46638
40.919	96.86275	73.21133	58.45938
40.958	96.86275	74.44357	59.83193
40.997	96.86275	75.43703	60.16807
41.035	96.86275	76.09934	61.32353
41.074	96.86275	76.32592	61.31653
41.113	96.86275	76.58039	61.78572
41.151	96.86275	76.9586	61.79972
41.19	96.86275	77.3037	61.78572
41.229	96.86275	76.98998	62.0168
41.269	96.86275	76.64488	61.90476
41.308	96.86275	75.87103	60.63726
41.346	96.86275	75.75948	60.63726
41.384	96.86275	75.03965	60.17507
41.423	96.86275	74.24314	59.83193
41.461	96.86275	73.32462	58.91457
41.499	96.86275	72.37299	58.12325
41.539	96.86275	72.02789	58.0112
41.577	96.86275	71.25404	57.32493
41.616	96.86275	71.31503	58.01821
41.655	96.86275	71.08322	57.66807
41.695	96.86275	70.77124	57.10084
41.733	96.86275	71.37255	57.78712
41.789	96.86275	71.54684	57.79412
41.827	96.86275	72.09412	58.01821
41.866	96.86275	72.78606	58.69048
41.905	96.86275	73.52505	59.26471
41.943	96.86275	74.21002	59.71989
41.981	96.86275	75.23834	60.62325
42.02	96.86275	75.41438	59.82493
42.058	96.86275	76.07146	61.07843
42.097	96.86275	76.38867	61.43558
42.136	96.86275	76.50022	60.84034
42.176	96.86275	76.96209	62.0168
42.215	96.86275	76.90283	61.34454
42.254	96.86275	76.52462	61.42157
42.294	96.86275	76.30849	61.68068
42.332	96.86275	75.78911	60.53222
42.371	96.86275	75.78911	60.53222
42.41	96.86275	75.50849	60.87535
42.449	96.86275	75.04488	60.40617
42.489	96.86275	74.12811	59.48179
42.527	96.86275	73.40828	59.4888
42.566	96.86275	72.92027	58.91457
42.606	96.86275	72.46362	58.35434
42.646	96.86275	72.14466	58.13726
42.684	96.86275	72.061	58.24229
42.723	96.86275	71.71765	58.0042
42.762	96.86275	71.80828	57.68207
42.803	96.86275	71.89368	57.66807
42.841	96.86275	72.57865	58.34034
42.88	96.86275	72.95686	58.58543
42.918	96.86275	73.41177	58.80952
42.957	96.86275	73.92419	59.15266
42.996	96.86275	74.60915	59.83893
43.034	96.86275	75.37952	60.63025
43.072	96.86275	75.77865	60.95938
43.113	96.86275	76.2109	60.7493
43.151	96.86275	76.41133	60.95938
43.189	96.86275	76.49847	61.09244
43.228	96.86275	76.81569	62.0098
43.267	96.86275	76.4427	61.08543
43.306	96.86275	76.12375	60.86134
43.345	96.86275	76.04532	61.09244
43.383	96.86275	76.01395	61.09244
43.423	96.86275	75.33595	60.18207
43.461	96.86275	74.6719	60.17507
43.5	96.86275	74.01133	59.13866
43.538	96.86275	73.70457	58.58543
43.577	96.86275	73.29325	59.03362
43.615	96.86275	73.03704	59.02661
43.654	96.86275	72.71983	58.57143
43.693	96.86275	72.51241	58.67647
43.732	96.86275	72.29107	58.13025
43.771	96.86275	72.29107	58.13025
43.811	96.86275	72.69369	58.91457
43.85	96.86275	72.92374	58.91457
43.888	96.86275	73.356	59.26471
43.928	96.86275	73.75861	59.03362
43.967	96.86275	74.09325	59.4958
44.005	96.86275	74.55512	59.83193
44.045	96.86275	75.21046	60.5042
44.084	96.86275	75.41264	60.05602
44.123	96.86275	75.86928	60.5112
44.162	96.86275	76.10109	60.5112
44.2	96.86275	76.0976	60.84734
44.239	96.86275	76.10109	60.51821
44.277	96.86275	76.37996	60.84734
44.318	96.86275	76.23878	60.7493
44.357	96.86275	75.84313	60.16807
44.396	96.86275	75.67407	60.39916
44.434	96.86275	75.44576	60.40617
44.473	96.86275	75.24009	60.28011
44.511	96.86275	74.81307	60.06303
44.55	96.86275	74.21351	59.26471
44.588	96.86275	74.27103	59.4958
44.626	96.86275	73.75687	59.15266
44.667	96.86275	73.64009	59.03362
44.705	96.86275	73.35773	59.04062
44.743	96.86275	73.43965	59.27171
44.782	96.86275	73.49716	59.4888
44.822	96.86275	73.70283	59.37675
44.86	96.86275	73.92593	59.14566
44.899	96.86275	73.9817	59.25771
44.937	96.86275	74.38605	59.71989
44.976	96.86275	74.78345	59.83193
45.015	96.86275	75.2122	60.51821
45.054	96.86275	75.81525	60.7493
45.092	96.86275	75.8658	60.5112
45.132	96.86275	76.12549	61.19048
45.171	96.86275	76.12549	61.19048
45.209	96.86275	76.52985	61.33754
45.248	96.86275	76.58562	61.43558
45.288	96.86275	76.6135	61.42857
45.328	96.86275	76.52637	61.66667
45.367	96.86275	76.03486	61.08543
45.405	96.86275	76.33115	61.32353
45.444	96.86275	75.64096	60.39916
45.482	96.86275	75.83965	60.5042
45.521	96.86275	75.55904	60.5112
45.56	96.86275	75.29935	60.28011
45.599	96.86275	75.1878	60.39916
45.638	96.86275	74.37909	59.71288
45.677	96.86275	74.69804	59.82493
45.716	96.86275	74.55338	59.93697
45.755	96.86275	74.58301	59.93697
45.794	96.86275	74.58475	60.16807
45.834	96.86275	74.29543	59.71989
45.873	96.86275	74.72418	59.83193
45.912	96.86275	74.89673	60.28011
45.951	96.86275	75.09542	60.5112
45.989	96.86275	75.40741	60.39216
46.028	96.86275	75.44227	60.63025
46.066	96.86275	75.69848	60.51821
46.105	96.86275	75.84139	60.5112
46.144	96.86275	76.15338	60.73529
46.182	96.86275	76.15338	60.85434
46.221	96.86275	75.81177	60.40617
46.26	96.86275	76.04008	60.96638
46.298	96.86275	76.40959	61.08543
46.339	96.86275	75.95643	60.28712
46.377	96.86275	76.09586	60.51821
46.415	96.86275	75.89542	60.5112
46.454	96.86275	75.61308	60.74229
46.492	96.86275	75.50327	60.52521
46.531	96.86275	75.50327	60.52521
46.57	96.86275	75.4353	60.5042
46.609	96.86275	75.26971	60.16807
46.648	96.86275	74.71896	59.94398
46.688	96.86275	74.69804	59.60784
46.726	96.86275	74.72418	59.82493
46.768	96.86275	74.93159	60.28011
46.807	96.86275	75.0135	60.06303
46.847	96.86275	74.23616	59.25771
46.887	96.86275	74.78693	59.83193
46.926	96.86275	74.98388	60.05602
46.965	96.86275	75.35163	60.05602
47.003	96.86275	75.29063	60.28011
47.042	96.86275	75.29237	60.53222
47.08	96.86275	75.52766	60.17507
47.119	96.86275	75.95294	61.08543
47.158	96.86275	76.09586	60.73529
47.198	96.86275	76.20914	60.96638
47.236	96.86275	75.78387	60.86134
47.275	96.86275	75.95119	60.62325
47.314	96.86275	76.04008	60.39916
47.354	96.86275	76.00697	60.95938
47.392	96.86275	75.95469	60.97339
47.431	96.86275	75.84139	60.85434
47.469	96.86275	75.55207	60.39216
47.508	96.86275	75.38301	60.16807
47.547	96.86275	75.2122	60.16107
47.585	96.86275	75.06754	60.06303
47.623	96.86275	74.89673	59.60084
47.662	96.86275	75.09368	60.28011
47.701	96.86275	74.95077	60.04902
47.739	96.86275	75.322	60.16807
47.778	96.86275	75.18257	60.39216
47.818	96.86275	75.15294	60.04902
47.857	96.86275	75.03965	59.71288
47.896	96.86275	75.29412	60.16807
47.934	96.86275	75.49107	60.5042
47.973	96.86275	75.69848	60.39216
48.012	96.86275	75.69848	60.5112
48.05	96.86275	75.69848	60.5112
48.089	96.86275	75.61133	60.17507
48.129	96.86275	75.7804	60.5042
48.168	96.86275	75.98431	60.97339
48.207	96.86275	75.83965	60.5112
48.246	96.86275	75.94946	61.07843
48.284	96.86275	75.5207	60.16807
48.323	96.86275	75.95469	60.74229
48.363	96.86275	75.75599	60.51821
48.402	96.86275	75.63399	60.39216
48.441	96.86275	75.46493	60.61625
48.48	96.86275	75.322	60.16807
48.519	96.86275	75.27145	60.17507
48.557	96.86275	75.20872	60.38515
48.597	96.86275	75.0135	59.94398
48.635	96.86275	74.92636	59.71989
48.674	96.86275	74.84444	59.83193
48.713	96.86275	74.67015	59.70588
48.753	96.86275	75.01176	60.05602
48.791	96.86275	75.15294	59.82493
48.829	96.86275	75.09717	59.71989
48.87	96.86275	75.32723	60.39216
48.908	96.86275	75.09368	59.93697
48.946	96.86275	75.38126	60.16807
48.985	96.86275	75.6061	60.74229
49.023	96.86275	75.32549	59.83193
49.062	96.86275	75.86754	60.73529
49.101	96.86275	75.55207	60.28712
49.139	96.86275	75.69848	60.16807
49.178	96.86275	75.5817	60.28011
49.217	96.86275	75.72811	60.28011
49.255	96.86275	75.69673	60.28011
49.294	96.86275	75.41089	60.28011
49.333	96.86275	75.47015	60.28011
49.374	96.86275	75.32375	60.05602
49.412	96.86275	75.09892	59.94398
49.451	96.86275	75.09892	59.94398
49.49	96.86275	75.35512	60.04902
49.529	96.86275	74.8671	59.82493
49.567	96.86275	74.87408	59.94398
49.606	96.86275	74.55338	59.4888
49.645	96.86275	74.50283	59.71989
49.684	96.86275	74.6963	59.71288
49.724	96.86275	74.58649	59.60784
49.763	96.86275	74.92462	59.93697
49.801	96.86275	74.18388	59.14566
49.84	96.86275	74.78519	59.71989
49.88	96.86275	75.18257	60.28011
49.919	96.86275	75.32723	59.83193
49.957	96.86275	75.35338	60.16807
49.997	96.86275	75.21394	59.94398
50.035	96.86275	75.49629	59.94398
50.074	96.86275	75.69848	60.16807
50.113	96.86275	75.44227	59.83193
50.151	96.86275	75.52592	60.16807
50.19	96.86275	75.36209	60.18908
50.23	96.86275	75.69498	60.39916
50.268	96.86275	75.55207	60.04902
50.308	96.86275	75.38475	60.05602
50.346	96.86275	75.35512	59.94398
50.386	96.86275	74.92636	59.60784
50.425	96.86275	74.9037	59.60784
50.463	96.86275	74.78345	59.93697
50.501	96.86275	74.72418	59.71989
50.54	96.86275	74.52898	59.4888
50.578	96.86275	74.26579	59.60084
50.618	96.86275	74.44183	59.60784
50.656	96.86275	74.64401	59.94398
50.695	96.86275	74.44009	59.37675
50.734	96.86275	74.75555	59.83193
50.773	96.86275	74.50109	59.60784
50.811	96.86275	74.9281	59.94398
50.85	96.86275	74.9281	59.94398
50.89	96.86275	75.01525	59.83193
50.93	96.86275	74.98388	59.71288
50.968	96.86275	74.90022	59.94398
51.007	96.86275	74.87408	59.60084
51.046	96.86275	74.84444	59.25771
51.085	96.86275	75.27145	60.16807
51.123	96.86275	75.46667	60.28011
51.162	96.86275	75.4719	60.27311
51.201	96.86275	75.03616	59.60784
51.241	96.86275	75.4719	60.17507
51.28	96.86275	75.64444	60.97339
51.318	96.86275	75.78214	60.96638
51.357	96.86275	75.73508	60.63025
51.397	96.86275	75.95469	60.97339
51.435	96.86275	75.64096	60.62325
51.474	96.86275	75.78387	60.97339
51.513	96.86275	76.09934	61.19748
51.551	96.86275	75.92854	60.98039
51.59	96.86275	75.6427	60.73529
51.629	96.86275	75.78911	60.86134
51.668	96.86275	76.13071	61.08543
51.706	96.86275	76.3573	61.54062
51.745	96.86275	76.07146	61.09944
51.788	96.86275	76.1586	61.20448
51.826	96.86275	76.21612	61.31653
51.865	96.86275	76.55599	61.65266
51.906	96.86275	76.55599	61.65266
51.944	96.86275	76.44444	61.42857
51.982	96.86275	76.44619	61.54762
52.021	96.86275	76.32767	61.42857
52.059	96.86275	76.67102	61.42857
52.098	96.86275	76.53333	61.54762
52.136	96.86275	76.56122	61.77171
52.174	96.86275	76.5037	61.32353
52.215	96.86275	76.64837	61.54762
52.254	96.86275	76.90283	62.0028
52.292	96.86275	76.78954	61.65966
52.331	96.86275	76.78954	61.65966
52.369	96.86275	76.84531	61.9958
52.41	96.86275	76.56993	61.55462
52.448	96.86275	76.64662	61.65966
52.487	96.86275	77.1085	62.93417
52.527	96.86275	77.01961	61.89075
52.565	96.86275	76.87321	62.0028
52.605	96.86275	76.70239	61.88375
52.644	96.86275	76.67277	61.43558
52.682	96.86275	77.10675	62.35294
52.721	96.86275	77.10501	62.46499
52.76	96.86275	76.95686	62.10784
52.799	96.86275	76.67799	61.77871
52.839	96.86275	77.01612	62.21989
52.877	96.86275	77.01263	62.21989
52.917	96.86275	77.13116	62.21989
52.956	96.86275	76.99172	61.66667
52.994	96.86275	76.98649	61.88375
53.033	96.86275	76.98824	62.10784
53.071	96.86275	77.04924	61.77171
53.11	96.86275	77.2427	62.0028
53.149	96.86275	77.12941	62.23389
53.188	96.86275	77.12767	61.88375
53.228	96.86275	76.96035	62.11485
53.266	96.86275	77.01612	62.0028
53.305	96.86275	76.79128	62.12885
53.343	96.86275	76.38519	61.42857
53.381	96.86275	76.21438	61.32353
53.421	96.86275	76.16035	61.31653
53.461	96.86275	76.47408	61.54762
53.499	96.86275	76.5891	61.77871
53.539	96.86275	76.617	61.43558
53.577	96.86275	76.617	61.77871
53.615	96.86275	76.75991	62.0028
53.654	96.86275	76.73203	61.88375
53.693	96.86275	76.81394	62.21989
53.731	96.86275	76.92898	62.22689
53.772	96.86275	76.84706	61.89075
53.811	96.86275	76.84706	61.89075
53.849	96.86275	76.84531	62.11485
53.888	96.86275	76.84531	62.22689
53.928	96.86275	76.75642	61.88375
53.967	96.86275	76.73028	62.0028
54.006	96.86275	76.81917	61.77171
54.045	96.86275	76.96209	62.46499
54.084	96.86275	76.93073	62.11485
54.123	96.86275	76.96209	62.0098
54.162	96.86275	76.84706	62.0028
54.2	96.86275	76.98998	61.77171
54.239	96.86275	76.81569	62.11485
54.278	96.86275	76.98824	62.22689
54.317	96.86275	76.90283	61.89075
54.355	96.86275	76.87321	61.9958
54.395	96.86275	76.99172	61.89775
54.435	96.86275	76.98998	62.21989
54.473	96.86275	76.81569	61.87675
54.512	96.86275	76.58388	61.87675
54.551	96.86275	76.9586	62.33193
54.589	96.86275	76.87495	61.89075
54.627	96.86275	76.63965	62.10784
54.666	96.86275	76.87843	62.23389
54.705	96.86275	77.01438	62.22689
54.744	96.86275	76.93246	62.22689
54.783	96.86275	76.84184	62.11485
54.821	96.86275	76.5891	61.88375
54.86	96.86275	76.67625	61.65966
54.898	96.86275	76.50022	61.88375
54.938	96.86275	76.8488	62.12185
54.977	96.86275	76.81569	62.12185
55.016	96.86275	76.64662	62.11485
55.054	96.86275	76.76514	61.89075
55.093	96.86275	76.50893	62.12185
55.132	96.86275	76.79128	62.22689
55.17	96.86275	76.79128	62.22689
55.209	96.86275	76.90632	61.9958
55.248	96.86275	76.82092	62.34594
55.287	96.86275	76.70065	61.9958
55.326	96.86275	76.73377	61.89075
55.365	96.86275	76.73203	62.0098
55.404	96.86275	76.7878	61.88375
55.444	96.86275	76.53159	62.22689
55.483	96.86275	76.65011	62.11485
55.521	96.86275	76.62222	61.77171
55.56	96.86275	76.70239	62.11485
55.599	96.86275	76.59085	62.0028
55.638	96.86275	76.47408	61.88375
55.676	96.86275	76.73203	61.9958
55.715	96.86275	76.35905	61.88375
55.754	96.86275	76.62222	62.0028
55.793	96.86275	76.52811	61.88375
55.832	96.86275	76.59085	61.77171
55.87	96.86275	76.79303	62.11485
55.908	96.86275	76.73551	62.23389
55.95	96.86275	76.90632	62.23389
55.988	96.86275	76.70414	62.10784
56.028	96.86275	76.62048	62.11485
56.067	96.86275	76.59434	62.0028
56.106	96.86275	76.47581	62.22689
56.144	96.86275	76.64662	62.0028
56.183	96.86275	76.64662	61.89075
56.221	96.86275	76.56645	62.0028
56.262	96.86275	76.42178	62.11485
56.301	96.86275	76.30849	62.11485
56.34	96.86275	76.39042	61.88375
56.378	96.86275	76.42004	62.0028
56.417	96.86275	76.47581	62.11485
56.458	96.86275	76.48105	62.0028
56.496	96.86275	76.18649	61.87675
56.542	96.86275	76.44793	61.88375
56.587	96.86275	76.39216	61.88375
56.627	96.86275	76.50196	62.22689
56.667	96.86275	76.56122	62.0028
56.706	96.86275	76.24924	61.65266
56.744	96.86275	76.45142	61.77171
56.786	96.86275	76.4793	61.9958
56.826	96.86275	76.44968	61.89075
56.864	96.86275	76.3573	61.77171
56.904	96.86275	76.29978	61.65966
56.943	96.86275	76.44444	62.23389
56.983	96.86275	76.50545	62.0028
57.022	96.86275	76.4183	61.88375
57.06	96.86275	76.62222	62.23389
57.099	96.86275	75.95817	61.54762
57.138	96.86275	76.30849	62.0028
57.176	96.86275	76.45142	62.11485
57.215	96.86275	76.30327	61.9958
