Time	I.max_1	I.total_1	I.back_1
0	83.92157	68.33639	60.86134
0.038	83.92157	68.54205	61.20448
0.078	83.92157	68.17429	60.18207
0.116	83.92157	68.48627	61.20448
0.155	83.92157	68.739	61.30952
0.194	83.92157	68.45664	60.97339
0.233	83.92157	68.59608	60.96638
0.271	83.92157	68.31721	60.74229
0.311	83.92157	68.42876	61.19748
0.349	83.92157	68.42876	61.19748
0.388	83.92157	68.22135	60.96638
0.427	83.92157	68.42876	61.08543
0.468	83.92157	68.48801	61.19748
0.509	83.92157	68.4549	61.30952
0.549	83.92157	68.60131	61.19748
0.588	83.92157	68.58736	61.30952
0.628	83.92157	68.32069	60.7493
0.667	83.92157	68.4549	61.42857
0.706	83.92157	68.14466	60.40617
0.745	83.92157	68.37996	60.97339
0.784	83.92157	68.56819	60.7493
0.823	83.92157	68.31547	60.63726
0.863	83.92157	68.28584	61.08543
0.902	83.92157	68.20044	60.7493
0.941	83.92157	68.37996	60.63726
0.979	83.92157	68.25446	60.86134
1.02	83.92157	68.31895	60.63726
1.059	83.92157	68.40611	60.7493
1.098	83.92157	68.17429	60.63726
1.137	83.92157	68.40087	61.42857
1.177	83.92157	68.2841	60.7493
1.215	83.92157	68.25621	60.86134
1.254	83.92157	68.40611	61.08543
1.293	83.92157	68.09238	60.41317
1.331	83.92157	68.34859	60.7493
1.369	83.92157	68.42876	61.08543
1.408	83.92157	68.31024	61.08543
1.446	83.92157	68.46188	60.97339
1.485	83.92157	68.28235	60.97339
1.526	83.92157	68.40261	60.98039
1.564	83.92157	68.30849	60.98039
1.603	83.92157	68.14466	60.52521
1.641	83.92157	68.43399	61.08543
1.68	83.92157	68.1464	60.30112
1.719	83.92157	68.22832	60.86134
1.758	83.92157	68.70937	61.09244
1.797	83.92157	68.39912	60.97339
1.835	83.92157	68.48801	60.86134
1.874	83.92157	68.08714	60.30112
1.913	83.92157	68.35033	60.86134
1.951	83.92157	68.45316	60.86134
1.99	83.92157	68.48976	60.97339
2.029	83.92157	68.48976	60.97339
2.069	83.92157	68.2597	61.19748
2.11	83.92157	68.28061	60.96638
2.149	83.92157	68.28061	60.96638
2.188	83.92157	68.39912	60.7493
2.227	83.92157	68.43399	60.86134
2.266	83.92157	68.48627	60.97339
2.304	83.92157	68.00523	60.41317
2.343	83.92157	68.37124	61.31653
2.382	83.92157	68.61874	61.19748
2.422	83.92157	68.29107	60.52521
2.46	83.92157	68.40087	61.08543
2.499	83.92157	68.22483	60.96638
2.538	83.92157	68.26144	60.97339
2.578	83.92157	68.31372	60.86134
2.617	83.92157	68.36427	61.30952
2.655	83.92157	68.51591	60.74229
2.694	83.92157	68.16907	60.97339
2.734	83.92157	68.2597	60.97339
2.773	83.92157	68.67974	61.19748
2.811	83.92157	68.4549	61.19748
2.85	83.92157	68.42528	60.97339
2.888	83.92157	68	60.40617
2.926	83.92157	68.43399	61.19748
2.965	83.92157	68.50371	61.20448
3.004	83.92157	68.28758	60.86134
3.043	83.92157	68.4549	60.97339
3.083	83.92157	68.16732	61.08543
3.123	83.92157	68.4305	60.97339
3.161	83.92157	68.30676	60.98039
3.2	83.92157	68.46013	61.08543
3.238	83.92157	68.37299	60.86134
3.276	83.92157	68.11155	60.86134
3.315	83.92157	68.51939	60.7493
3.355	83.92157	68.73203	61.53362
3.393	83.92157	68.28584	60.86134
3.432	83.92157	68.34684	60.86834
3.47	83.92157	68.08714	60.07003
3.509	83.92157	68.08714	60.07003
3.548	83.92157	68.23006	60.63726
3.588	83.92157	68.48627	60.86134
3.627	83.92157	68.28584	60.63025
3.666	83.92157	68.29107	60.86134
3.705	83.92157	68.28758	61.30952
3.745	83.92157	68.20392	60.63726
3.783	83.92157	68.13595	60.7493
3.822	83.92157	68.29281	60.63726
3.861	83.92157	68.34859	60.63726
3.9	83.92157	67.82745	60.63025
3.938	83.92157	68.12026	60.52521
3.978	83.92157	68.51067	60.86134
4.016	83.92157	68.34335	60.74229
4.055	83.92157	68.37473	60.97339
4.095	83.92157	67.93726	60.51821
4.135	83.92157	68.03312	60.63726
4.174	83.92157	68.53159	61.30952
4.212	83.92157	68.43399	60.86134
4.251	83.92157	68.34335	60.7493
4.291	83.92157	68.37647	61.19748
4.329	83.92157	68.46362	61.09244
4.367	83.92157	68.74422	61.19748
4.406	83.92157	68.61002	60.98039
4.444	83.92157	68.40958	60.86134
4.483	83.92157	68.28758	60.74229
4.522	83.92157	68.26318	60.98039
4.56	83.92157	68.71285	61.30952
4.601	83.92157	68.54728	61.08543
4.64	83.92157	68.4915	61.08543
4.678	83.92157	68.5647	61.19748
4.716	83.92157	68.37821	60.7563
4.756	83.92157	68.74771	61.19748
4.839	83.92157	68.57516	60.86834
4.882	83.92157	68.66231	61.30952
4.927	83.92157	68.17603	60.18908
4.966	83.92157	68.50021	60.97339
5.005	83.92157	68.23878	60.30112
5.043	83.92157	68.4915	60.97339
5.081	83.92157	68.37299	60.86134
5.122	83.92157	68.11852	60.29412
5.161	83.92157	68.63965	61.08543
5.199	83.92157	68.51242	61.20448
5.239	83.92157	68.55251	60.86834
5.278	83.92157	68.57516	61.08543
5.316	83.92157	68.40611	60.86134
5.355	83.92157	68.58388	60.52521
5.393	83.92157	68.43573	60.7493
5.431	83.92157	68.40784	60.63726
5.471	83.92157	68.48801	61.07843
5.51	83.92157	68.05403	60.97339
5.549	83.92157	68.05403	60.97339
5.587	83.92157	68.51765	60.52521
5.628	83.92157	68.25621	60.63726
5.667	83.92157	68.14989	60.52521
5.705	83.92157	68.03486	60.29412
5.744	83.92157	68.31547	60.52521
5.784	83.92157	68.46188	60.86834
5.823	83.92157	68.14292	60.63726
5.862	83.92157	68.2597	60.7493
5.901	83.92157	68.17081	60.52521
5.941	83.92157	68.061	60.18908
5.979	83.92157	68.2963	60.64426
6.018	83.92157	68.20741	60.30112
6.057	77.25491	66.30414	59.27171
6.096	77.25491	63.93203	56.55462
6.136	70.98039	60.89935	54.22969
6.176	64.70588	55.81002	49.55182
6.215	58.03922	50.60392	44.87395
6.254	58.03922	47.71416	42.68908
6.292	64.70588	48.51416	42.09384
6.331	70.98039	51.5817	43.83053
6.369	77.25491	55.1268	46.56863
6.408	77.25491	57.38039	48.62045
6.446	83.92157	59.13377	50
6.486	83.92157	59.65316	50.11205
6.524	83.92157	59.56427	50.2381
6.563	77.25491	59.16863	50.02101
6.601	77.25491	58.59869	49.45378
6.641	77.25491	57.66274	49.22269
6.68	77.25491	56.63442	48.21428
6.718	70.98039	56.49673	48.09524
6.757	70.98039	56.40784	48.66246
6.797	70.98039	56.24052	47.9902
6.836	70.98039	55.81177	47.40897
6.874	70.98039	55.57995	47.86415
6.913	70.98039	55.55033	47.514
6.952	70.98039	55.68976	48.41737
6.99	70.98039	54.85664	47.61905
7.029	70.98039	54.85664	47.61905
7.068	70.98039	54.8549	47.62605
7.108	70.98039	54.10545	46.82073
7.146	70.98039	53.87364	46.82073
7.188	70.98039	53.65054	46.48459
7.226	70.98039	53.50588	45.67927
7.265	70.98039	53.47451	45.78431
7.304	77.25491	53.38562	45.42717
7.343	77.25491	53.86493	45.9944
7.381	77.25491	55.14945	47.01681
7.421	77.25491	55.8658	47.03782
7.46	83.92157	57.00915	47.94118
7.498	83.92157	57.73246	48.62745
7.537	83.92157	58.70676	48.96358
7.575	83.92157	59.7647	50
7.614	83.92157	60.02266	50.007
7.653	83.92157	60.45142	50.46218
7.693	83.92157	60.36776	50.81232
7.732	83.92157	60.19521	50.58823
7.771	83.92157	60.02614	50.47619
7.81	77.25491	59.44575	50.02101
7.848	77.25491	58.54467	49.11765
7.887	77.25491	57.66797	49.34174
7.925	70.98039	56.98475	48.32633
7.963	70.98039	56.83834	48.78151
8.002	70.98039	56.18475	47.7521
8.042	70.98039	55.86754	47.29692
8.08	70.98039	55.40566	47.514
8.119	70.98039	55.29935	46.96078
8.157	70.98039	55.38301	47.61905
8.196	70.98039	55.27146	47.29692
8.236	70.98039	54.54989	46.71569
8.275	70.98039	54.20305	46.4916
8.313	70.98039	53.57211	46.05042
8.353	70.98039	53.33333	46.26751
8.391	70.98039	52.65011	45.23109
8.43	64.70588	51.96514	44.52381
8.469	64.70588	51.96514	44.52381
8.508	70.98039	51.27495	44.31372
8.547	70.98039	51.13028	43.72549
8.586	70.98039	51.1878	43.61345
8.624	70.98039	51.33421	43.84454
8.664	70.98039	51.67059	43.83754
8.703	70.98039	52.21612	44.06863
8.743	70.98039	52.87495	44.28572
8.782	77.25491	53.78475	45.08403
8.821	77.25491	54.78344	45.54622
8.86	77.25491	55.70022	46.47059
8.899	77.25491	56.36427	47.493
8.938	77.25491	56.72854	47.486
8.977	77.25491	57.50588	48.29132
9.016	77.25491	57.16427	48.17927
9.054	77.25491	56.94292	47.96218
9.093	77.25491	56.17778	47.40196
9.132	70.98039	55.81002	46.84174
9.17	70.98039	56.12549	47.87115
9.21	70.98039	55.10239	46.28151
9.25	70.98039	55.10588	46.40056
9.288	70.98039	54.47495	45.93838
9.328	70.98039	54.41046	46.26751
9.367	70.98039	54.13159	45.93137
9.405	70.98039	53.90152	45.70728
9.444	64.70588	53.87364	45.59524
9.482	64.70588	53.3525	45.58823
9.52	64.70588	53.21133	45.47619
9.559	64.70588	52.85926	45.36415
9.597	64.70588	52.47582	45.45518
9.637	64.70588	51.73159	45.014
9.675	64.70588	51.09194	44.31372
9.714	64.70588	50.69281	43.85854
9.754	64.70588	50.3756	43.15826
9.793	64.70588	49.9817	42.80112
9.835	64.70588	49.81089	42.78711
9.874	64.70588	49.80741	42.79412
9.913	70.98039	50.34946	42.54902
9.952	70.98039	51.27146	43.37535
9.991	70.98039	52.09761	43.71849
10.03	70.98039	52.70066	44.06863
10.068	70.98039	52.70066	44.06863
10.107	70.98039	53.36122	44.87395
10.146	70.98039	54.10545	45.09804
10.185	77.25491	54.88105	46.01541
10.224	70.98039	54.88453	45.90336
10.266	70.98039	55.17385	46.02241
10.305	70.98039	55.12157	46.37255
10.343	70.98039	55.0013	46.03642
10.382	70.98039	55.09019	46.02941
10.421	70.98039	54.63878	45.36415
10.46	70.98039	53.9573	45.35014
10.498	70.98039	53.51982	45.014
10.537	64.70588	53.35948	45.2521
10.577	70.98039	53.4257	45.11905
10.615	64.70588	53.05969	45.014
10.654	64.70588	53.06144	45.014
10.693	64.70588	52.2841	44.55182
10.731	64.70588	52.47582	44.88795
10.771	64.70588	52.45142	44.66387
10.81	64.70588	51.81002	44.66387
10.849	64.70588	51.34815	44.30672
10.888	64.70588	50.82875	43.71849
10.927	64.70588	50.34074	43.14426
10.965	64.70588	49.80392	42.91317
11.004	64.70588	49.74118	42.33193
11.042	64.70588	49.37168	42.45098
11.081	64.70588	49.06667	42.09384
11.119	64.70588	49.2061	41.85574
11.158	70.98039	49.77429	42.31793
11.197	70.98039	50.12811	42.09384
11.237	70.98039	51.04488	42.79412
11.277	70.98039	51.46667	42.66106
11.315	70.98039	52.12375	43.36835
11.354	70.98039	53.27756	44.18067
11.393	70.98039	53.62092	44.986
11.431	70.98039	54.21874	45.44818
11.47	70.98039	53.9695	45.23109
11.51	70.98039	53.91024	44.64286
11.548	70.98039	53.91024	44.64286
11.587	70.98039	53.99738	45.11205
11.625	70.98039	53.77604	45
11.664	70.98039	53.40305	44.88095
11.703	70.98039	52.95164	44.41177
11.742	70.98039	52.63442	44.06863
11.782	70.98039	52.66056	44.54482
11.822	64.70588	52.27887	44.06863
11.861	64.70588	52.25447	44.31372
11.9	64.70588	51.91808	44.53782
11.939	64.70588	51.87451	44.29972
11.978	64.70588	51.60959	43.94958
12.017	64.70588	51.32375	44.30672
12.055	64.70588	51.09194	43.71849
12.094	64.70588	50.60218	43.95658
12.134	64.70588	50.31459	43.5084
12.172	64.70588	50.14205	42.91317
12.211	64.70588	49.48671	42.56303
12.25	64.70588	48.93943	41.37955
12.29	64.70588	48.33115	40.91036
12.329	64.70588	48.25447	41.14846
12.367	64.70588	48.59434	41.26751
12.406	64.70588	48.90806	41.38655
12.445	64.70588	49.23573	41.63165
12.484	64.70588	49.98518	42.09384
12.522	70.98039	50.60915	42.20588
12.561	70.98039	51.41961	43.14426
12.599	70.98039	51.92506	43.13025
12.637	70.98039	52.62048	43.84454
12.676	70.98039	52.50893	43.83754
12.715	70.98039	52.7634	43.83053
12.754	70.98039	52.96384	44.41177
12.794	70.98039	52.91677	44.42577
12.833	70.98039	52.79826	44.18067
12.872	70.98039	52.42353	43.95658
12.911	64.70588	52.16558	44.41877
12.95	64.70588	51.61656	43.4874
12.988	64.70588	51.61656	43.4874
13.027	64.70588	51.72636	43.83053
13.066	64.70588	51.58693	43.83053
13.105	64.70588	51.24183	43.84454
13.144	64.70588	51.18083	43.59944
13.183	64.70588	51.24706	43.95658
13.221	64.70588	50.40348	42.89916
13.261	64.70588	50.57255	43.2423
13.301	64.70588	50.00261	42.78011
13.34	64.70588	50.02353	43.0042
13.38	64.70588	49.79869	42.41597
13.418	64.70588	48.99172	41.84874
13.457	64.70588	48.95686	41.60364
13.496	64.70588	48.61699	40.91036
13.534	64.70588	48.47407	41.14146
13.573	64.70588	48.50719	40.91036
13.611	64.70588	48.47756	40.67227
13.65	64.70588	48.62571	40.67927
13.69	64.70588	48.99869	41.62465
13.728	64.70588	49.17299	41.27451
13.766	70.98039	50.63355	42.31793
13.807	70.98039	50.583	41.96779
13.845	70.98039	51.46318	42.65406
13.884	70.98039	51.67408	43.36134
13.923	70.98039	52.10806	43.37535
13.962	70.98039	52.36776	44.06162
14.002	70.98039	52.47582	43.94958
14.04	70.98039	52.22309	43.95658
14.078	70.98039	51.81351	43.4874
14.117	64.70588	51.82222	43.59944
14.156	64.70588	51.70545	43.72549
14.194	64.70588	51.30457	43.36835
14.233	64.70588	51.43878	43.2423
14.272	64.70588	50.63878	42.88515
14.313	64.70588	51.01699	43.60644
14.352	64.70588	50.8915	43.47339
14.39	64.70588	50.46449	43.2493
14.429	64.70588	50.46449	43.2493
14.467	64.70588	50.31459	43.0112
14.506	64.70588	50.11068	42.54202
14.545	64.70588	49.85447	42.42997
14.584	64.70588	49.87886	42.78011
14.624	64.70588	49.07713	42.07983
14.662	64.70588	48.95861	41.72969
14.701	64.70588	48.47407	41.38655
14.74	64.70588	48.59085	41.14146
14.779	64.70588	48.62048	41.14146
14.819	64.70588	48.18301	40.42717
14.862	64.70588	48.29804	40.18908
14.901	64.70588	48.54554	40.91737
14.941	64.70588	48.87669	40.90336
14.98	64.70588	48.88192	41.14846
15.018	64.70588	49.54423	41.39356
15.057	64.70588	50.44009	42.66807
15.096	70.98039	50.52898	42.44398
15.134	64.70588	51.16166	42.43697
15.173	70.98039	51.44227	43.13726
15.212	70.98039	51.48061	43.15126
15.251	70.98039	51.84837	43.37535
15.29	70.98039	51.78736	43.2493
15.331	64.70588	51.70545	43.59944
15.37	64.70588	51.16166	43.01821
15.408	64.70588	51.13028	43.2563
15.447	64.70588	51.1268	43.01821
15.49	64.70588	51.14771	43.36835
15.528	64.70588	50.69107	43.13726
15.568	64.70588	50.69456	43.2493
15.606	64.70588	50.49237	43.0112
15.645	64.70588	50.54292	43.01821
15.683	64.70588	50.23791	42.66106
15.722	64.70588	49.82309	42.78011
15.76	64.70588	49.68715	43.02521
15.799	64.70588	49.1329	41.72269
15.839	64.70588	49.12767	41.71569
15.878	64.70588	48.81394	41.37255
15.918	64.70588	48.32244	41.02241
15.956	64.70588	48.19869	40.18908
15.994	64.70588	48.00872	40.30812
16.034	64.70588	48.15512	40.42717
16.072	64.70588	48.10109	40.21008
16.11	64.70588	48.38867	40.42717
16.149	64.70588	48.59782	40.91737
16.189	64.70588	48.59782	40.91737
16.228	64.70588	48.82266	40.56023
16.267	64.70588	49.77081	41.97479
16.307	64.70588	49.71852	41.5056
16.347	70.98039	50.0549	41.72969
16.386	64.70588	50.57603	42.54902
16.425	70.98039	50.71547	42.31793
16.468	70.98039	51.35338	43.59944
16.507	64.70588	51.2732	42.89916
16.546	70.98039	51.01525	43.14426
16.585	70.98039	51.15468	42.65406
16.624	64.70588	51.26972	43.0112
16.663	64.70588	51.18606	42.77311
16.701	64.70588	50.84444	42.66807
16.74	64.70588	50.55338	42.54902
16.779	64.70588	50.31808	42.06583
16.82	64.70588	50.45752	42.29692
16.86	64.70588	49.96601	41.94678
16.899	64.70588	50.03225	42.66807
16.938	64.70588	49.61917	42.07283
16.977	64.70588	49.38911	41.60364
17.016	64.70588	49.1329	41.48459
17.054	64.70588	49.61917	42.66807
17.093	64.70588	48.66579	41.12745
17.132	64.70588	48.43921	41.02241
17.171	64.70588	48.20392	40.53922
17.209	64.70588	48.12201	39.95798
17.248	64.70588	48.12897	39.84594
17.286	64.70588	48.29978	40.54622
17.326	64.70588	47.9268	39.97899
17.366	64.70588	48.21438	40.07703
17.405	64.70588	48.65359	40.56023
17.444	64.70588	49.00043	41.37955
17.483	64.70588	49.08584	41.26051
17.521	64.70588	49.33856	41.61064
17.559	64.70588	49.6244	41.26751
17.598	64.70588	50.17691	42.07983
17.636	64.70588	50.75207	42.79412
17.675	64.70588	50.64401	42.31092
17.713	64.70588	50.7207	42.54902
17.752	64.70588	50.86536	42.42997
17.791	64.70588	50.60741	42.54202
17.83	64.70588	50.31982	42.31092
17.87	64.70588	50.46972	42.66807
17.909	64.70588	50.49063	42.42297
17.949	64.70588	50.44009	42.89916
17.988	64.70588	50.44009	42.89916
18.027	64.70588	50.1403	42.54202
18.066	64.70588	49.88932	42.42297
18.106	64.70588	50.02702	42.42997
18.144	64.70588	49.59129	41.58263
18.183	64.70588	49.45011	41.84174
18.222	64.70588	48.95512	41.2535
18.261	64.70588	48.7512	41.15546
18.299	64.70588	48.58213	40.77731
18.339	64.70588	48.89586	41.48459
18.379	64.70588	48.1464	40.42017
18.419	64.70588	48.00174	40.18908
18.458	64.70588	48.02963	40.06303
18.496	64.70588	47.95294	40.19608
18.535	64.70588	47.72113	40.07703
18.574	64.70588	47.97734	39.95798
18.612	64.70588	47.89368	39.72689
18.651	64.70588	47.95469	39.84594
18.69	64.70588	48.59085	40.32213
18.729	64.70588	48.96906	40.80532
18.767	64.70588	49.3159	41.14146
18.806	64.70588	49.25316	41.02941
18.844	64.70588	49.71503	41.72969
18.884	64.70588	49.71678	41.61765
18.923	64.70588	50.04967	41.47759
18.962	64.70588	50.29368	42.32493
19	64.70588	50.29194	42.42997
19.04	64.70588	50.00436	41.71569
19.079	64.70588	50.37211	41.94678
19.117	64.70588	50.26754	42.31793
19.156	64.70588	50.11765	42.42297
19.194	64.70588	49.62963	41.35854
19.232	64.70588	49.74815	42.31793
19.271	64.70588	49.56514	41.47059
19.31	64.70588	49.39259	41.35854
19.35	64.70588	49.13464	41.37255
19.391	64.70588	48.68845	40.77031
19.429	64.70588	48.80523	40.88936
19.468	64.70588	48.80523	40.88936
19.506	64.70588	48.84532	41.37255
19.545	64.70588	48.42527	40.17507
19.584	64.70588	48.37299	40.30112
19.623	64.70588	47.82396	39.83894
19.663	64.70588	47.74031	39.95798
19.701	64.70588	47.74553	40.20308
19.74	64.70588	47.77342	40.31513
19.779	64.70588	47.51373	39.84594
19.817	64.70588	47.51547	39.4888
19.859	64.70588	47.80479	39.95098
19.899	64.70588	48.17778	39.83193
19.938	64.70588	48.32592	39.84594
19.979	64.70588	48.678	40.07703
20.018	64.70588	48.53856	40.56723
20.056	64.70588	49.02135	40.43417
20.095	64.70588	49.27756	40.79832
20.134	64.70588	49.59651	41.48459
20.172	64.70588	49.80043	41.4916
20.211	64.70588	49.59129	41.2535
20.25	64.70588	49.65229	41.36554
20.289	64.70588	50.22222	41.71569
20.327	64.70588	49.88932	41.72969
20.367	64.70588	49.82484	41.72269
20.407	64.70588	49.1695	41.0084
20.445	64.70588	49.16253	40.77031
20.485	64.70588	49.1329	41.23249
20.523	64.70588	49.36122	41.01541
20.561	64.70588	49.09804	41.12045
20.601	64.70588	48.80523	40.77731
20.639	64.70588	48.45665	39.95098
20.678	64.70588	48.6902	41.0014
20.716	64.70588	48.17604	40.43417
20.755	64.70588	48.08366	39.73389
20.793	64.70588	47.56427	39.60084
20.832	64.70588	47.51198	39.4888
20.871	64.70588	47.77865	40.09103
20.911	64.70588	47.44749	39.71289
20.95	64.70588	47.31155	39.60784
20.99	64.70588	47.42832	38.90756
21.028	64.70588	47.42832	38.90756
21.067	64.70588	47.25752	39.2577
21.106	64.70588	47.88671	39.60084
21.145	64.70588	47.75076	39.2577
21.184	64.70588	47.89717	39.73389
21.223	64.70588	48.03312	40.08403
21.262	64.70588	48.58388	39.96498
21.301	64.70588	48.76688	40.56023
21.34	64.70588	48.61351	39.73389
21.379	64.70588	48.96732	40.43417
21.42	64.70588	49.16427	40.43417
21.458	64.70588	49.42222	40.66526
21.497	64.70588	49.93987	41.71569
21.536	64.70588	49.59651	41.37255
21.575	64.70588	49.41874	41.12745
21.614	64.70588	49.28279	40.78431
21.652	64.70588	49.42745	41.4916
21.691	64.70588	49.10152	40.88936
21.73	64.70588	48.84532	40.66526
21.768	64.70588	48.97952	40.64426
21.807	64.70588	49.12941	41.23949
21.846	64.70588	48.31198	40.18207
21.885	64.70588	48.36776	39.94398
21.925	64.70588	48.13769	39.83894
21.964	64.70588	47.96165	39.48179
22.003	64.70588	47.57299	39.37675
22.042	64.70588	47.87974	39.94398
22.08	64.70588	47.47887	39.4958
22.118	64.70588	47.2488	39.36975
22.158	64.70588	47.48584	39.96498
22.196	64.70588	47.56601	39.72689
22.235	64.70588	47.31155	39.14566
22.273	64.70588	46.99782	39.01961
22.312	64.70588	47.25403	39.13866
22.35	64.70588	47.74205	39.2577
22.39	64.70588	47.72113	39.4888
22.43	64.70588	48.01046	39.60784
22.47	64.70588	48.14989	39.72689
22.509	64.70588	48.41133	40.07003
22.547	64.70588	48.41133	40.07003
22.586	64.70588	48.75817	40.20308
22.625	64.70588	48.8854	40.44118
22.664	64.70588	48.8244	41.01541
22.703	64.70588	49.24619	40.89636
22.741	64.70588	49.35948	40.66526
22.781	64.70588	49.417	41.01541
22.82	64.70588	48.93072	40.30112
22.858	64.70588	49.18867	40.89636
22.897	64.70588	49.16427	41.36554
22.937	64.70588	49.00915	40.18908
22.976	64.70588	49.15207	40.7563
23.016	64.70588	48.54728	40.07003
23.054	64.70588	48.28235	39.70588
23.094	64.70588	48.28584	40.32213
23.133	64.70588	48.19869	40.07703
23.171	64.70588	48.23355	39.72689
23.209	64.70588	47.85011	39.96498
23.248	64.70588	47.56253	39.61485
23.287	64.70588	47.2488	39.13866
23.325	64.70588	47.19477	39.2577
23.364	64.70588	47.73159	39.83894
23.404	64.70588	47.47712	39.2507
23.444	64.70588	47.18954	39.13866
23.483	64.70588	46.93682	39.03361
23.521	64.70588	47.25229	39.2577
23.56	64.70588	47.5695	39.4888
23.598	64.70588	47.65839	39.85294
23.637	64.70588	47.48933	39.2577
23.675	64.70588	47.62701	39.02661
23.715	64.70588	48.09238	39.85294
23.753	64.70588	48.44444	39.85294
23.791	64.70588	48.55599	40.08403
23.83	64.70588	48.38519	39.62185
23.869	64.70588	48.72854	40.19608
23.908	64.70588	48.72854	40.19608
23.948	64.70588	49.33508	40.90336
23.987	64.70588	49.33508	40.90336
24.028	64.70588	49.3037	40.77731
24.066	64.70588	48.67102	39.7409
24.105	64.70588	48.96209	40.32213
24.144	64.70588	48.74945	40.42717
24.183	64.70588	48.89412	40.06303
24.222	64.70588	48.55599	40.30812
24.26	64.70588	48.48802	39.83193
24.299	64.70588	48.46187	40.66526
24.339	64.70588	48.25621	40.30812
24.377	64.70588	48.25795	39.83193
24.417	64.70588	47.85534	39.60784
24.458	64.70588	47.82919	39.71289
24.496	64.70588	47.45272	39.03361
24.535	64.70588	47.21569	39.14566
24.573	64.70588	47.47364	39.71989
24.612	64.70588	47.59216	39.48179
24.651	64.70588	46.96471	38.91457
24.69	64.70588	46.99608	39.15266
24.729	64.70588	47.21917	39.02661
24.767	64.70588	47.05882	39.37675
24.806	64.70588	47.27843	39.13866
24.844	64.70588	47.05882	39.26471
24.883	64.70588	47.62527	39.48179
24.921	64.70588	47.69151	39.37675
24.961	64.70588	47.83094	39.36975
25	64.70588	48.12201	39.73389
25.04	64.70588	48.06449	39.37675
25.078	64.70588	48.58039	40.18207
25.117	64.70588	48.41307	40.20308
25.155	64.70588	48.81743	40.54622
25.194	64.70588	48.60828	40.18908
25.232	64.70588	48.52636	39.95798
25.271	64.70588	49.0475	40.88936
25.311	64.70588	48.48802	40.18908
25.349	64.70588	49.02135	40.44118
25.389	64.70588	48.70065	40.19608
25.428	64.70588	48.55599	40.54622
25.468	64.70588	48.46013	40.42017
25.507	64.70588	48.46013	40.42017
25.546	64.70588	48.1098	39.71289
25.585	64.70588	47.82048	40.08403
25.625	64.70588	48.03137	40.20308
25.663	64.70588	47.70719	39.71989
25.702	64.70588	47.87974	39.71989
25.741	64.70588	47.59564	39.95098
25.78	64.70588	47.5695	39.60084
25.82	64.70588	47.47887	39.4888
25.859	64.70588	46.68409	39.13866
25.898	64.70588	47.16863	39.14566
25.938	64.70588	47.10762	39.26471
25.978	64.70588	46.77821	39.04062
26.017	64.70588	47.22266	39.37675
26.056	64.70588	46.90719	38.91457
26.095	64.70588	47.36383	39.02661
26.134	64.70588	47.48584	39.85294
26.172	64.70588	47.4597	39.37675
26.211	64.70588	47.74379	39.36975
26.251	64.70588	47.91808	39.4888
26.289	64.70588	48.20741	39.83193
26.327	64.70588	48.29281	39.60784
26.366	64.70588	48.50022	39.96498
26.405	64.70588	48.75294	40.32213
26.444	64.70588	48.54728	39.60084
26.484	64.70588	48.87146	40.07703
26.523	64.70588	48.4915	40.18908
26.562	64.70588	48.63965	39.83894
26.601	64.70588	48.34684	40.08403
26.639	64.70588	48.42876	40.07003
26.677	64.70588	48.43747	40.32213
26.716	64.70588	48.03137	39.72689
26.755	64.70588	48.11503	40.41317
26.793	64.70588	48.05926	40.30112
26.833	64.70588	47.64793	39.2507
26.872	64.70588	48.02614	39.95098
26.911	64.70588	47.36558	38.91457
26.95	64.70588	47.53813	39.14566
26.99	64.70588	47.2244	39.37675
27.028	64.70588	47.22266	39.37675
27.068	64.70588	47.1634	39.03361
27.107	64.70588	47.1634	39.03361
27.146	64.70588	46.8183	39.13866
27.185	64.70588	46.50458	38.79552
27.224	64.70588	46.93682	39.14566
27.263	64.70588	47.22091	39.14566
27.302	64.70588	47.16166	39.02661
27.341	64.70588	47.16863	39.27171
27.379	64.70588	47.54335	39.4888
27.418	64.70588	47.25577	39.61485
27.458	64.70588	47.31155	38.80252
27.499	64.70588	47.85534	39.4958
27.538	64.70588	47.88845	39.60784
27.576	64.70588	48.17778	40.07703
27.615	64.70588	48.32767	39.97199
27.654	64.70588	48.29804	40.20308
27.692	64.70588	48.08889	39.36975
27.731	64.70588	48.21264	40.09103
27.77	64.70588	48.40087	39.95098
27.81	64.70588	48.43573	40.18908
27.849	64.70588	48.49847	40.31513
27.888	64.70588	48.34161	39.83193
27.928	64.70588	48.08366	40.07703
27.967	64.70588	48.28933	39.84594
28.007	64.70588	47.85011	39.95798
28.046	64.70588	47.82571	40.31513
28.085	64.70588	47.67582	39.2507
28.124	64.70588	47.30806	39.38375
28.163	64.70588	47.24532	38.92157
28.202	64.70588	47.39695	39.38375
28.24	64.70588	47.20174	39.26471
28.279	64.70588	47.33246	39.2507
28.317	64.70588	46.87233	39.01961
28.355	64.70588	46.84967	39.01961
28.394	64.70588	46.67538	38.34034
28.434	64.70588	47.07277	39.13866
28.473	64.70588	46.96122	39.02661
28.513	64.70588	46.85316	38.80252
28.552	64.70588	47.11111	38.80252
28.59	64.70588	47.28366	39.15266
28.629	64.70588	47.44924	39.13866
28.668	64.70588	47.59739	39.4958
28.706	64.70588	47.59739	39.4958
28.746	64.70588	47.33943	38.90756
28.785	64.70588	47.71416	39.61485
28.824	64.70588	47.74379	39.02661
28.862	64.70588	48.00872	39.85294
28.901	64.70588	47.97734	39.62185
28.94	64.70588	48.05752	39.4888
28.979	64.70588	47.92157	39.39075
29.019	64.70588	48.061	39.84594
29.059	64.70588	48.05926	39.62185
29.098	64.70588	48.34684	39.72689
29.137	64.70588	47.82571	39.60084
29.175	64.70588	47.94249	39.4888
29.214	64.70588	47.62527	39.60784
29.253	64.70588	47.76819	39.4888
29.292	64.70588	47.73508	39.71989
29.33	64.70588	47.33595	39.13866
29.37	64.70588	47.50327	39.26471
29.409	64.70588	47.13551	39.26471
29.447	64.70588	47.13551	39.02661
29.487	64.70588	47.13203	39.26471
29.525	64.70588	46.73464	38.80952
29.565	58.03922	46.64227	38.57143
29.604	64.70588	46.6719	38.79552
29.642	64.70588	46.80261	39.14566
29.681	64.70588	46.78867	38.91457
29.72	58.03922	46.53246	38.91457
29.759	64.70588	46.76601	38.80252
29.797	64.70588	46.93856	38.80252
29.836	64.70588	47.33943	39.2577
29.874	64.70588	47.28192	39.13866
29.912	64.70588	47.16514	39.2507
29.952	64.70588	47.36732	39.02661
29.991	64.70588	47.53638	39.2577
30.029	64.70588	47.46318	38.80952
30.07	64.70588	48.0366	39.96498
30.11	64.70588	47.77168	39.36274
30.148	64.70588	47.97211	39.62185
30.187	64.70588	47.97211	39.62185
30.226	64.70588	48.02266	39.4958
30.265	64.70588	48.11678	39.95798
30.304	64.70588	47.94074	39.2577
30.343	64.70588	47.88322	39.97199
30.382	64.70588	48.1098	39.48179
30.421	64.70588	47.70719	39.37675
30.46	64.70588	47.82571	39.71989
30.499	64.70588	47.76994	39.61485
30.538	64.70588	47.33421	39.36975
30.579	64.70588	47.39521	39.03361
30.618	64.70588	47.21743	39.62185
30.657	64.70588	46.96645	39.2577
30.696	64.70588	47.05708	39.61485
30.734	64.70588	46.78867	38.90756
30.773	64.70588	46.64401	38.67647
30.811	64.70588	46.48018	38.91457
30.85	58.03922	46.87059	39.2577
30.888	64.70588	46.61787	38.79552
30.928	58.03922	46.45055	38.79552
30.967	64.70588	46.19085	38.68348
31.005	64.70588	46.6719	38.78851
31.044	64.70588	46.81656	38.67647
31.084	64.70588	47.10937	38.92157
31.123	64.70588	46.67887	38.91457
31.162	64.70588	46.94205	39.14566
31.2	64.70588	47.16863	39.15266
31.24	64.70588	47.42658	39.60784
31.278	64.70588	47.5451	39.39075
31.317	64.70588	47.42135	39.04062
31.355	64.70588	47.11111	38.79552
31.394	64.70588	47.60262	39.27871
31.432	64.70588	47.76645	39.4888
31.471	64.70588	47.88671	39.4958
31.511	64.70588	47.62004	39.14566
31.55	64.70588	47.5939	39.4888
31.59	64.70588	47.68105	39.4888
31.629	64.70588	47.36383	38.91457
31.668	64.70588	47.53638	39.14566
31.707	64.70588	47.53638	39.14566
31.745	64.70588	47.25229	38.91457
31.784	64.70588	47.4841	39.15266
31.823	64.70588	47.32898	39.36975
31.863	64.70588	46.7085	38.92157
31.902	64.70588	46.90196	38.90756
31.94	64.70588	46.59172	38.79552
31.979	58.03922	46.41394	38.57143
32.018	64.70588	46.73464	39.03361
32.056	58.03922	46.67887	38.80252
32.098	58.03922	46.44183	38.68348
32.137	64.70588	46.39303	38.45238
32.177	64.70588	46.42266	38.46639
32.215	64.70588	46.56035	38.91457
32.254	64.70588	46.6475	38.92157
32.292	64.70588	46.58824	38.68348
32.33	64.70588	46.70501	38.80952
32.369	64.70588	46.95948	38.79552
32.408	64.70588	46.70675	38.80252
32.446	64.70588	47.10588	38.45938
32.484	64.70588	47.79956	39.37675
32.525	64.70588	48.16732	39.71989
32.563	64.70588	48.92549	40.06303
32.603	64.70588	49.478	41.2465
32.642	64.70588	49.75861	41.59664
32.68	64.70588	50.3756	42.06583
32.718	64.70588	50.278	42.29692
32.757	64.70588	50.77996	42.78711
32.795	64.70588	51.29935	43.71149
32.834	64.70588	51.00828	43.35434
32.873	64.70588	51.56253	43.71149
32.911	64.70588	51.39172	43.59244
32.95	64.70588	52.02266	43.94958
32.988	64.70588	51.85011	43.83053
33.026	64.70588	51.85011	43.83053
33.065	64.70588	51.88148	44.06863
33.105	64.70588	51.93203	44.06863
33.146	64.70588	51.81873	43.83053
33.185	64.70588	52.16209	44.29972
33.223	64.70588	51.87451	43.71149
33.262	64.70588	51.55904	43.58543
33.301	64.70588	51.7281	43.59244
33.339	64.70588	51.41438	43.59944
33.378	64.70588	51.75948	43.48039
33.417	64.70588	51.93377	43.82353
33.456	64.70588	51.6183	43.82353
33.495	64.70588	51.92854	43.94958
33.534	64.70588	51.82396	43.94958
33.573	64.70588	51.86928	44.06162
33.611	64.70588	51.72985	43.36134
33.651	64.70588	51.6427	43.47339
33.69	64.70588	51.87974	44.06162
33.728	64.70588	51.939	44.06863
33.767	64.70588	51.57996	43.94258
33.806	64.70588	51.73159	43.71149
33.845	64.70588	51.35686	43.36835
33.883	64.70588	51.72985	43.83754
33.921	64.70588	51.93377	44.18768
33.96	64.70588	51.69847	43.71149
33.998	64.70588	51.81525	44.06863
34.037	64.70588	51.41612	43.59944
34.076	64.70588	51.81176	43.94258
34.114	64.70588	51.87625	43.83754
34.155	64.70588	51.37952	43.4874
34.193	64.70588	51.67059	43.83053
34.231	64.70588	51.43878	43.94958
34.27	64.70588	51.93029	44.30672
34.309	64.70588	51.73682	43.95658
34.347	64.70588	51.73682	43.95658
34.386	64.70588	52.01743	44.18067
34.425	64.70588	51.64096	43.83053
34.464	64.70588	51.32026	43.95658
34.503	64.70588	51.69673	43.36835
34.543	64.70588	51.60785	44.06863
34.581	64.70588	51.71765	44.18067
34.62	64.70588	51.75774	43.83754
34.66	64.70588	51.38475	43.4874
34.7	64.70588	51.38475	44.07563
34.738	64.70588	51.40566	43.60644
34.777	64.70588	51.38126	43.60644
34.815	64.70588	51.55381	43.71849
34.854	64.70588	51.6183	43.60644
34.893	64.70588	51.26797	43.48039
34.931	64.70588	51.12157	43.2493
34.969	64.70588	51.44401	43.60644
35.009	64.70588	51.35686	43.83754
35.047	64.70588	50.99782	43.02521
35.085	64.70588	51.52419	43.83754
35.124	64.70588	51.14422	43.36134
35.165	64.70588	51.63921	44.06863
35.203	64.70588	51.60959	43.59944
35.241	64.70588	51.19826	43.60644
35.28	64.70588	51.22963	43.48039
35.319	64.70588	51.26274	43.59944
35.357	64.70588	51.78388	44.18067
35.396	64.70588	51.2366	43.59944
35.434	64.70588	50.99607	43.2493
35.473	64.70588	51.20697	43.95658
35.512	64.70588	51.28889	43.59944
35.551	64.70588	51.57996	43.4874
35.59	64.70588	51.28715	43.60644
35.629	64.70588	50.91068	43.59944
35.669	64.70588	51.0013	43.4874
35.708	64.70588	51.22963	43.71149
35.747	64.70588	51.22963	43.71149
35.785	64.70588	51.17037	43.59944
35.824	64.70588	51.12157	43.71849
35.863	64.70588	51.03791	43.2563
35.901	64.70588	51.08671	43.48039
35.941	64.70588	51.06056	43.37535
35.98	64.70588	51.29586	43.2493
36.018	64.70588	51.14074	43.60644
36.057	64.70588	50.86536	43.60644
36.095	64.70588	50.91416	43.13726
36.134	64.70588	50.85839	43.59944
36.175	64.70588	51.25751	43.83754
36.213	64.70588	50.99782	43.36835
36.253	64.70588	50.90893	43.47339
36.291	64.70588	50.91241	43.48039
36.33	64.70588	50.94031	43.2423
36.368	64.70588	51.25926	43.94958
36.406	64.70588	51.12157	43.48039
36.445	64.70588	50.73464	43.0112
36.483	64.70588	50.76776	43.2493
36.521	64.70588	50.85665	43.48039
36.561	64.70588	51.17385	43.48039
36.6	64.70588	51.14945	43.4874
36.638	64.70588	50.74335	43.36835
36.679	64.70588	50.59869	43.2563
36.717	64.70588	50.71024	43.2563
36.756	64.70588	50.8183	43.13025
36.794	64.70588	50.64749	43.83053
36.834	64.70588	50.56383	43.0042
36.872	64.70588	50.62135	43.13025
36.911	64.70588	50.70675	43.36835
36.95	64.70588	50.85839	43.36835
36.988	64.70588	50.88279	43.36134
37.027	64.70588	50.76427	43.48039
37.066	64.70588	50.76427	43.48039
37.104	64.70588	50.41045	43.13025
37.143	64.70588	50.53072	43.47339
37.184	64.70588	50.97516	43.71149
37.224	64.70588	50.90893	43.36835
37.262	64.70588	50.30065	43.36835
37.301	64.70588	50.18562	42.90616
37.34	64.70588	50.41743	42.89216
37.378	64.70588	50.47146	43.2493
37.417	64.70588	50.47843	43.14426
37.455	64.70588	50.27974	43.2563
37.494	64.70588	50.24139	42.89916
37.534	64.70588	50.24488	42.89916
37.574	64.70588	50.67887	43.2563
37.612	64.70588	50.19085	42.89916
37.651	64.70588	50.35991	43.01821
37.692	64.70588	50.18736	43.01821
37.73	64.70588	50.24139	42.89916
37.769	64.70588	50.56557	43.0112
37.807	64.70588	50.18039	43.36134
37.847	64.70588	50.33202	42.90616
37.885	64.70588	50.58649	43.13025
37.924	64.70588	50.339	43.37535
37.962	64.70588	50.35643	43.0112
38.001	64.70588	50.64575	43.4874
38.039	64.70588	50.12636	42.66106
38.077	64.70588	50.27451	42.77311
38.116	64.70588	49.92593	42.78711
38.155	64.70588	50.27625	42.89916
38.196	64.70588	50.12984	42.54902
38.234	64.70588	50.29891	43.0042
38.273	64.70588	50.29891	42.66807
38.311	64.70588	49.91721	42.42297
38.35	64.70588	50.35643	43.13726
38.388	64.70588	49.86841	42.66807
38.426	64.70588	49.86841	42.66807
38.466	64.70588	50.12462	43.12325
38.505	64.70588	49.9207	42.89916
38.543	64.70588	50.00436	42.42997
38.583	64.70588	49.74989	42.53502
38.621	64.70588	49.8963	43.01821
38.66	64.70588	50.21699	43.12325
38.701	64.70588	50.15425	43.0112
38.74	64.70588	49.94859	42.55602
38.779	64.70588	49.78127	42.54902
38.818	64.70588	50.33377	43.2493
38.857	64.70588	49.89281	43.0112
38.895	64.70588	50.09673	42.53502
38.933	64.70588	49.74815	42.89216
38.972	64.70588	49.83878	42.55602
39.01	64.70588	49.60872	42.42997
39.049	64.70588	49.783	42.54902
39.088	64.70588	49.72375	42.55602
39.127	64.70588	49.74989	42.42997
39.165	64.70588	49.81089	42.67507
39.206	64.70588	49.90501	42.78711
39.244	64.70588	49.81612	42.78011
39.282	64.70588	49.46231	42.19888
39.321	64.70588	49.78475	43.13726
39.359	64.70588	49.86841	42.78011
39.398	64.70588	49.75512	42.66106
39.437	64.70588	49.8963	43.01821
39.475	64.70588	49.60174	42.89916
39.514	64.70588	49.64183	42.42997
39.552	64.70588	49.68889	42.66807
39.591	64.70588	49.4902	42.80112
39.63	64.70588	49.28453	42.31793
39.668	64.70588	49.75861	42.68207
39.71	64.70588	49.40479	42.31793
39.748	64.70588	49.4658	42.31793
39.787	64.70588	49.4658	42.31793
39.825	64.70588	49.31765	42.08683
39.864	64.70588	49.48497	42.54902
39.904	64.70588	49.5268	42.54902
39.943	64.70588	49.46405	42.33894
39.981	64.70588	49.34205	42.21289
40.021	64.70588	49.58083	42.31793
40.06	64.70588	49.40828	42.42997
40.098	64.70588	49.58606	42.08683
40.137	64.70588	49.64183	42.80112
40.176	64.70588	49.2915	42.44398
40.216	64.70588	49.23573	42.32493
40.255	64.70588	49.35076	42.20588
40.294	64.70588	49.8353	42.89916
40.333	64.70588	49.43442	42.56303
40.371	64.70588	49.2061	42.44398
40.41	64.70588	49.31068	42.56303
40.449	64.70588	49.32462	42.55602
40.487	64.70588	49.66449	42.66807
40.525	64.70588	49.26536	42.20588
40.564	64.70588	49.2671	42.44398
40.603	64.70588	48.94292	42.21289
40.643	64.70588	49.38388	42.10084
40.681	64.70588	49.44314	42.31793
40.721	64.70588	49.40131	42.42997
40.759	64.70588	49.14684	42.08683
40.798	64.70588	48.8122	41.63165
40.836	64.70588	49.00392	42.07983
40.875	64.70588	49.69934	42.78011
40.913	64.70588	48.97603	42.43697
40.951	64.70588	49.08932	42.08683
40.991	64.70588	49.04052	41.98179
41.029	64.70588	49.17821	42.08683
41.067	64.70588	49.32288	42.44398
41.106	64.70588	49.32288	42.44398
41.145	64.70588	48.91852	41.96779
41.184	64.70588	49.03355	42.20588
41.225	58.03922	48.91677	42.43697
41.263	64.70588	48.91852	41.97479
41.303	64.70588	49.22876	42.43697
41.342	64.70588	49.26885	42.09384
41.38	64.70588	49.08932	42.19888
41.419	64.70588	48.922	41.97479
41.458	64.70588	49.00566	42.31092
41.496	64.70588	49.0963	41.98179
41.535	64.70588	49.15033	41.97479
41.573	64.70588	49.00566	42.31793
41.614	64.70588	48.80349	41.84874
41.652	64.70588	49.00392	42.20588
41.691	64.70588	49.09455	42.21989
41.731	64.70588	49.20784	42.09384
41.769	64.70588	48.97429	42.19888
41.808	58.03922	48.82615	42.31092
41.847	64.70588	48.83311	42.09384
41.885	64.70588	49.14858	42.33193
41.924	64.70588	49.1207	42.44398
41.963	64.70588	49.06667	42.33193
42.002	64.70588	48.69194	42.20588
42.04	64.70588	49.03181	41.96779
42.078	64.70588	48.9464	42.19888
42.116	64.70588	49.12244	42.09384
42.155	64.70588	48.91677	41.97479
42.193	64.70588	48.80349	42.07983
42.235	64.70588	48.80697	41.7577
42.274	64.70588	48.89237	41.73669
42.313	64.70588	49.17996	42.31092
42.351	64.70588	48.97778	42.20588
42.389	64.70588	48.74945	42.08683
42.428	64.70588	48.83311	42.20588
42.466	64.70588	48.82963	42.19888
42.504	64.70588	48.82963	42.19888
42.544	64.70588	49.09107	42.08683
42.583	64.70588	49.03181	41.7507
42.622	58.03922	48.65359	41.96078
42.661	64.70588	48.55076	41.73669
42.7	58.03922	47.38301	40.82633
42.74	58.03922	43.83442	37.55602
42.778	51.76471	42.13159	36.16246
42.817	58.03922	41.69237	35.71428
42.856	58.03922	43.37429	36.28151
42.895	64.70588	47.34815	39.5028
42.933	70.98039	50.53943	41.96078
42.972	70.98039	53.41699	44.39075
43.01	77.25491	54.16645	44.986
43.049	70.98039	54.48366	45.56723
43.087	70.98039	53.40131	44.18768
43.125	64.70588	51.33246	42.89916
43.165	64.70588	49.88061	40.88235
43.203	64.70588	48.59956	39.59384
43.244	64.70588	48.19695	39.46779
43.282	64.70588	48.45316	39.48179
43.32	64.70588	48.42179	40.53221
43.359	64.70588	49.58606	41.12045
43.397	64.70588	49.75686	41.70868
43.436	64.70588	49.95207	41.94678
43.475	64.70588	49.92941	41.94678
43.513	64.70588	48.86797	41.13446
43.552	64.70588	48.54554	41.0084
43.59	58.03922	47.58693	40.07003
43.629	58.03922	46.52898	39.60784
43.668	64.70588	46.15773	38.90756
43.706	64.70588	46.15773	38.90756
43.746	64.70588	46.49237	39.04062
43.786	64.70588	46.49237	39.04062
43.826	64.70588	47.15469	39.51681
43.865	64.70588	48.31024	40.33613
43.904	70.98039	50.06362	41.52661
43.943	70.98039	51.07102	42.67507
43.981	70.98039	52.78083	43.80952
44.02	70.98039	53.68018	44.63585
44.058	70.98039	54.16645	45.32913
44.098	70.98039	53.9451	44.64286
44.137	70.98039	53.65577	44.88795
44.175	70.98039	51.99303	43.59944
44.214	64.70588	51.1024	42.89916
44.255	64.70588	50.43835	42.06583
44.293	64.70588	49.67146	40.86835
44.331	64.70588	49.0719	40.41317
44.37	64.70588	49.13116	40.65126
44.409	64.70588	48.94989	40.65826
44.448	64.70588	48.98301	40.88936
44.486	64.70588	48.80871	40.54622
44.524	64.70588	48.25098	39.83894
44.563	64.70588	48.16906	40.18207
44.601	64.70588	47.91285	39.72689
44.64	64.70588	47.62876	39.85294
44.679	64.70588	47.57996	40.09103
44.719	64.70588	47.52767	40.10504
44.759	64.70588	48.13595	40.68628
44.797	70.98039	48.65359	40.92437
44.836	70.98039	50.25708	42.31793
44.874	70.98039	51.55381	43.2493
44.912	70.98039	52.16383	43.59944
44.951	70.98039	53.24096	44.27171
44.989	77.25491	53.87538	44.7479
45.027	77.25491	54.64924	45.66526
45.067	77.25491	54.65098	45.43417
45.106	77.25491	54.65098	45.43417
45.145	70.98039	54.3146	45.56023
45.183	70.98039	53.79347	44.986
45.222	70.98039	53.11024	44.29972
45.263	70.98039	52.24749	43.83053
45.301	64.70588	51.24183	43.48039
45.34	64.70588	50.51852	42.53502
45.38	64.70588	49.93813	42.18487
45.419	64.70588	49.53202	41.35854
45.458	64.70588	49.55817	41.71569
45.496	64.70588	48.98475	40.65126
45.534	64.70588	48.52462	40.55322
45.573	64.70588	48.61002	40.30112
45.611	64.70588	48.43921	40.19608
45.651	64.70588	48.70414	41.14146
45.69	64.70588	48.4183	40.68628
45.729	64.70588	48.52985	40.91737
45.769	64.70588	48.6902	40.81232
45.807	70.98039	49.60349	41.73669
45.846	70.98039	50.94902	42.89916
45.884	70.98039	51.8414	43.59944
45.922	70.98039	52.61177	44.05462
45.961	70.98039	53.47451	44.53081
46	77.25491	54.21525	45.20308
46.039	77.25491	54.4732	45.21008
46.077	77.25491	54.65098	45.44118
46.115	77.25491	54.99259	45.89636
46.154	70.98039	54.45403	45.32213
46.193	70.98039	54.36689	45.09804
46.231	70.98039	53.97298	45.09804
46.273	70.98039	53.16776	44.53081
46.312	70.98039	52.0244	43.95658
46.35	64.70588	51.38475	43.59944
46.389	64.70588	50.66666	43.0112
46.427	64.70588	50.40523	43.01821
46.466	64.70588	50.40523	43.01821
46.504	64.70588	50.03225	42.90616
46.543	64.70588	49.42048	41.82773
46.582	64.70588	49.79346	42.07283
46.621	64.70588	48.98475	41.12745
46.661	64.70588	49.25665	42.07983
46.699	70.98039	49.08236	40.79832
46.738	70.98039	49.42222	41.72969
46.778	70.98039	49.94336	41.72969
46.817	70.98039	50.49063	42.42997
46.857	70.98039	51.37952	43.2493
46.895	70.98039	52.24401	43.93557
46.935	70.98039	53.09978	44.29272
46.973	77.25491	54.03922	45.65126
47.012	77.25491	54.55861	45.89636
47.05	77.25491	54.98562	46.22549
47.089	77.25491	54.98911	46.01541
47.127	77.25491	55.56427	46.58263
47.166	77.25491	55.47887	46.01541
47.204	70.98039	54.96994	45.91036
47.244	70.98039	54.8305	46.02941
47.284	70.98039	54.13856	45.22409
47.323	70.98039	53.71503	45.10504
47.361	70.98039	53.13638	44.88095
47.4	70.98039	52.10632	44.06863
47.438	70.98039	51.35338	43.36134
47.477	64.70588	50.69281	42.78711
47.515	64.70588	50.37908	42.89916
47.554	64.70588	50.37734	43.13726
47.593	64.70588	49.91896	42.19888
47.631	64.70588	49.66275	41.86274
47.67	64.70588	49.62963	42.20588
47.709	70.98039	49.8963	42.21289
47.747	70.98039	51.12157	43.47339
47.787	70.98039	51.29412	43.2423
47.826	70.98039	52.00872	43.70448
47.866	70.98039	52.00872	43.70448
47.905	70.98039	52.41481	44.06162
47.943	77.25491	53.30196	44.86695
47.982	77.25491	54.04096	45.54622
48.021	77.25491	54.35643	45.09103
48.059	77.25491	55.01525	46.01541
48.098	77.25491	55.15294	46.35154
48.136	77.25491	55.2732	46.23249
48.176	77.25491	55.81525	46.92577
48.215	77.25491	55.58867	46.58263
48.253	77.25491	55.22789	46.48459
48.294	70.98039	54.82353	45.78431
48.333	70.98039	54.39651	45.66526
48.371	70.98039	54.14379	45.45518
48.41	70.98039	53.4257	44.986
48.448	70.98039	52.84531	44.53081
48.488	70.98039	51.70022	43.2493
48.526	70.98039	51.35686	43.4874
48.565	70.98039	51.29586	43.60644
48.603	70.98039	50.63529	43.02521
48.641	70.98039	50.66143	42.90616
48.681	70.98039	50.57777	42.78711
48.719	70.98039	50.60567	41.85574
48.757	70.98039	51.26972	43.71849
48.798	70.98039	51.83965	43.71149
48.837	70.98039	52.03486	43.23529
48.875	70.98039	52.75642	44.27871
48.914	77.25491	53.24096	44.85994
48.952	77.25491	53.75861	45.21008
48.99	77.25491	54.52375	45.77731
49.029	77.25491	55.04314	46.12045
49.067	77.25491	54.89847	45.77031
49.106	77.25491	54.89847	45.77031
49.146	77.25491	55.55381	46.79272
49.185	77.25491	55.83965	46.91177
49.224	77.25491	55.63922	47.02381
49.262	77.25491	55.41263	47.03081
49.304	77.25491	55.27843	46.35154
49.342	77.25491	54.88105	46.2465
49.381	70.98039	54.5708	45.91036
49.421	70.98039	54.14553	45.44818
49.459	70.98039	53.56514	45.21709
49.498	70.98039	52.99172	44.53081
49.537	70.98039	52.44793	43.95658
49.575	70.98039	52.21438	44.16667
49.613	70.98039	51.53116	43.59944
49.652	70.98039	51.38301	43.83053
49.691	70.98039	51.09717	43.0112
49.731	70.98039	51.40915	43.35434
49.77	70.98039	51.67059	43.82353
49.81	70.98039	51.81176	43.82353
49.848	70.98039	52.47233	44.17367
49.887	70.98039	52.64314	44.16667
49.925	77.25491	53.2183	44.97199
49.963	77.25491	53.69935	44.85994
50.002	77.25491	54.29543	45.65826
50.04	77.25491	54.72593	45.9944
50.08	77.25491	54.83747	46.11345
50.118	77.25491	55.06579	45.9874
50.156	77.25491	55.35337	46.45658
50.194	77.25491	55.70022	46.91177
50.233	77.25491	55.53464	46.58263
50.272	77.25491	55.10588	46.35154
50.312	77.25491	55.12854	46.79972
50.352	70.98039	54.76601	45.78431
50.391	70.98039	54.28148	45.44118
50.429	70.98039	54.22571	45.67927
50.468	70.98039	53.67669	44.86695
50.507	70.98039	53.19041	44.64286
50.545	70.98039	53.19041	44.64286
50.584	70.98039	52.7024	44.51681
50.622	70.98039	52.12898	43.83053
50.661	70.98039	52.21089	44.29272
50.702	70.98039	52.1586	44.17367
50.74	70.98039	52.0732	44.18067
50.779	70.98039	52.24052	44.05462
50.819	70.98039	51.87277	43.94958
50.858	70.98039	52.7634	44.64986
50.896	77.25491	52.75817	44.06162
50.935	70.98039	53.41176	45.09103
50.974	77.25491	53.78301	45.19608
51.013	77.25491	54.06536	45.87535
51.051	77.25491	54.60741	45.76331
51.09	77.25491	54.88976	46.33053
51.128	77.25491	55.21046	46.68067
51.167	77.25491	55.60958	46.56863
51.205	77.25491	55.29935	46.11345
51.244	77.25491	55.13029	45.89636
51.282	77.25491	55.38824	46.68768
51.324	77.25491	55.41089	46.79272
51.362	77.25491	55.10414	46.68768
51.4	77.25491	54.25011	45.43417
51.439	70.98039	54.25185	45.44818
51.477	70.98039	53.8841	44.986
51.516	70.98039	53.68366	45.21709
51.555	70.98039	53.42048	44.86695
51.594	70.98039	52.99346	45.10504
51.633	70.98039	52.90283	44.7479
51.671	70.98039	52.7024	44.39776
51.712	70.98039	52.8732	44.63585
51.75	70.98039	52.5891	44.17367
51.789	70.98039	52.52811	43.94258
51.829	70.98039	52.69368	44.15266
51.867	70.98039	53.01612	44.62885
51.906	70.98039	53.47277	44.97899
51.946	70.98039	53.47277	44.97899
51.984	77.25491	53.72723	44.97899
52.023	77.25491	53.95207	45.30112
52.062	77.25491	54.32157	45.53221
52.1	77.25491	54.4976	45.55322
52.139	77.25491	54.95425	45.9944
52.178	77.25491	55.0135	46.34454
52.216	77.25491	55.0414	46.56863
52.256	77.25491	55.18257	46.56863
52.295	77.25491	54.98213	45.88936
52.336	77.25491	55.10239	46.12045
52.375	77.25491	54.78867	46.12745
52.414	77.25491	54.50283	45.32913
52.452	77.25491	54.41917	45.54622
52.491	70.98039	54.04793	44.97899
52.529	77.25491	54.18911	45.44118
52.569	70.98039	53.6488	44.986
52.607	70.98039	53.16601	45.22409
52.645	70.98039	52.8732	44.28572
52.684	70.98039	53.12767	44.62885
52.723	70.98039	53.1329	45.21709
52.762	70.98039	52.96035	44.52381
52.8	70.98039	52.72505	44.40476
52.84	70.98039	53.04924	44.41177
52.879	77.25491	53.09804	44.51681
52.918	77.25491	53.64009	45.65826
52.956	77.25491	53.72375	45.09103
52.994	77.25491	53.70109	44.97199
53.033	77.25491	53.98518	45.43417
53.071	77.25491	54.29543	45.42717
53.11	77.25491	54.63704	46.0084
53.148	77.25491	54.75207	46.10644
53.187	77.25491	54.49412	45.30812
53.226	77.25491	54.49412	45.30812
53.265	77.25491	54.63878	45.65126
53.304	77.25491	54.75904	46.12745
53.345	77.25491	55.01525	46.22549
53.383	77.25491	54.87582	46.13446
53.422	77.25491	54.41743	45.32213
53.461	77.25491	54.33377	45.33613
53.5	77.25491	54.13508	45.55322
53.539	77.25491	54.04967	45.44118
53.578	77.25491	53.85273	44.993
53.616	70.98039	53.70458	45.20308
53.655	70.98039	53.478	45.21709
53.694	70.98039	53.24619	44.51681
53.734	70.98039	53.30196	44.7479
53.773	77.25491	53.4658	44.7409
53.812	77.25491	53.06667	44.40476
53.852	77.25491	53.30545	44.97899
53.891	77.25491	53.21307	44.29272
53.929	77.25491	53.6122	44.85994
53.969	77.25491	53.69761	44.85294
54.008	77.25491	53.92593	45.18908
54.046	77.25491	53.92418	45.30812
54.085	77.25491	54.01307	45.18908
54.124	77.25491	54.52898	45.89636
54.162	77.25491	54.67015	45.65826
54.201	77.25491	54.29543	45.88235
54.239	77.25491	54.30065	45.54622
54.277	77.25491	54.0183	45.21008
54.316	77.25491	54.04445	45.08403
54.357	77.25491	54.21177	45.42717
54.395	77.25491	54.12985	45.31513
54.435	77.25491	53.95904	44.86695
54.473	77.25491	53.76035	44.86695
54.511	77.25491	54.04619	45.21709
54.55	77.25491	53.41699	44.63585
54.588	70.98039	53.33333	44.40476
54.626	70.98039	53.22004	44.63585
54.665	70.98039	53.22004	44.63585
54.704	70.98039	53.1085	44.63585
54.744	70.98039	53.19216	45.09804
54.783	77.25491	53.47625	44.86695
54.822	77.25491	53.27407	44.5098
54.861	70.98039	53.24967	44.52381
54.901	77.25491	53.04227	44.52381
54.94	77.25491	53.38388	44.7409
54.978	77.25491	53.58257	44.5098
55.017	77.25491	53.58431	44.85994
55.056	77.25491	53.69935	45.09103
55.095	77.25491	53.84052	45.31513
55.134	77.25491	53.86667	45.30112
55.172	77.25491	53.95555	44.97199
55.211	77.25491	54.21351	45.09103
55.249	77.25491	54.32331	45.30812
55.288	77.25491	54.01133	45.42017
55.326	77.25491	54.09499	45.30812
55.365	77.25491	54.12985	45.21008
55.406	77.25491	53.6732	44.86695
55.445	77.25491	53.73072	45.20308
55.483	77.25491	53.58083	44.96498
55.522	77.25491	53.64357	44.97899
55.56	77.25491	53.55817	44.7409
55.598	70.98039	53.5268	44.7479
55.637	77.25491	53.58257	45.31513
55.675	77.25491	53.24444	44.17367
55.715	70.98039	53.27407	44.62885
55.755	77.25491	53.13116	44.5098
55.793	70.98039	53.35773	44.62885
55.832	77.25491	53.41874	44.7479
55.87	77.25491	53.44139	44.85994
55.91	77.25491	53.38214	44.62185
55.948	77.25491	53.60872	44.96498
55.987	77.25491	53.64183	44.62885
56.028	77.25491	53.75686	45.08403
56.066	77.25491	53.83704	45.21709
56.105	77.25491	53.83704	45.21709
56.144	77.25491	53.89978	45.09103
56.183	77.25491	53.67146	45.08403
56.221	77.25491	53.98344	45.31513
56.26	77.25491	54.15599	45.53221
56.299	77.25491	53.87016	45.32913
56.338	77.25491	53.78649	44.85994
56.378	77.25491	54.01482	45.20308
56.416	77.25491	53.72549	44.96498
56.457	77.25491	53.64357	45.08403
56.495	77.25491	53.58606	45.09103
56.534	77.25491	53.6488	44.86695
56.572	77.25491	53.5878	44.97199
56.611	77.25491	53.64532	44.97899
56.65	70.98039	53.44139	45.09103
56.689	77.25491	53.29848	44.39776
56.727	77.25491	53.52854	44.62885
56.767	77.25491	53.64357	44.97899
56.805	77.25491	53.41002	44.85994
56.845	77.25491	53.58257	44.97899
56.883	77.25491	53.43791	44.7409
56.921	77.25491	53.49542	44.73389
56.962	77.25491	53.75686	45.20308
57.001	77.25491	53.84052	45.20308
57.039	77.25491	54.21351	45.30812
57.077	77.25491	53.6366	44.73389
57.116	77.25491	53.92418	45.54622
57.154	77.25491	53.72898	45.09103
57.193	77.25491	53.66623	45.07003
57.231	77.25491	53.92593	45.07703
57.27	77.25491	53.72723	44.97199
57.309	77.25491	53.81438	44.97199
57.347	77.25491	53.58431	45.08403
57.386	77.25491	53.60872	44.84594
57.425	77.25491	53.60872	44.84594
57.466	77.25491	53.38736	44.7409
57.504	77.25491	53.38736	44.7409
57.542	77.25491	53.38039	44.85294
57.582	77.25491	53.38214	44.51681
57.621	77.25491	53.30022	44.5098
57.659	77.25491	53.33508	44.7479
57.698	77.25491	53.33159	44.29272
57.736	77.25491	53.32985	45.08403
57.777	77.25491	53.41351	44.62885
57.816	77.25491	53.4658	44.85294
57.855	77.25491	53.36122	44.7479
57.894	77.25491	53.55468	44.7409
57.934	77.25491	53.6122	44.62885
57.974	77.25491	53.9817	44.96498
58.013	77.25491	53.49891	44.5098
58.052	77.25491	53.74989	44.85994
58.09	77.25491	53.69586	44.85994
58.128	77.25491	53.61046	44.85294
58.167	77.25491	53.57908	44.73389
58.221	77.25491	53.55294	44.7409
58.259	77.25491	53.69935	45.09103
58.298	77.25491	53.49542	44.5028
58.337	77.25491	53.55643	44.7409
58.375	77.25491	53.52332	44.73389
58.415	77.25491	53.43616	44.7409
58.453	77.25491	53.29673	44.62885
58.494	77.25491	53.12593	44.62885
58.534	77.25491	53.12593	44.27871
58.572	70.98039	53.07364	44.63585
58.61	77.25491	53.04227	44.29272
58.649	77.25491	53.55643	44.97199
58.688	77.25491	53.07015	44.16667
58.726	77.25491	53.12767	44.51681
58.765	77.25491	53.3037	44.76191
58.804	77.25491	53.38039	44.5028
58.843	77.25491	53.41002	44.61485
58.882	77.25491	53.58083	44.85994
58.92	77.25491	53.72723	44.97899
58.958	77.25491	53.86841	45.19608
58.998	77.25491	53.75338	44.96498
59.037	77.25491	53.84227	45.32913
59.075	77.25491	53.66972	44.7409
59.113	77.25491	53.75686	44.97199
59.152	77.25491	53.6122	44.96498
59.19	77.25491	53.55468	44.84594
59.229	77.25491	53.75338	44.96498
59.267	77.25491	53.6122	44.86695
59.305	77.25491	53.27234	44.51681
59.344	77.25491	53.27234	44.51681
59.383	77.25491	53.43791	45.18908
59.424	77.25491	53.12941	44.28572
59.463	77.25491	53.10152	44.86695
59.504	77.25491	52.7878	43.83754
59.542	77.25491	53.09629	44.38375
59.581	77.25491	52.92549	44.28572
59.619	70.98039	52.78606	44.16667
59.658	77.25491	52.98475	44.17367
59.697	77.25491	53.01089	44.27871
59.735	77.25491	53.20959	44.62885
59.774	77.25491	53.09804	44.28572
59.815	77.25491	53.24096	44.5098
59.854	77.25491	53.26536	44.73389
59.893	77.25491	53.38562	44.7479
59.931	77.25491	53.47102	44.85994
59.97	77.25491	54.07233	45.08403
60.01	77.25491	53.92941	45.20308
60.048	77.25491	54.07059	45.42717
60.088	77.25491	54.27277	45.54622
60.126	77.25491	54.49934	45.88936
60.165	77.25491	54.44357	45.66526
60.203	77.25491	54.61612	45.66526
60.242	77.25491	54.92462	46.10644
60.28	77.25491	54.75904	45.77731
60.319	77.25491	55.18431	46.68768
60.357	77.25491	55.50327	46.23249
60.396	77.25491	55.44226	46.80672
60.436	77.25491	55.49978	46.79972
60.474	77.25491	55.41263	46.57563
60.514	77.25491	55.93028	46.91177
60.553	77.25491	56.0122	46.91177
60.591	77.25491	55.78388	46.80672
60.629	77.25491	56.21786	47.486
60.668	77.25491	56.2109	47.36695
60.707	77.25491	56.38867	47.71709
60.745	77.25491	56.66928	47.71709
60.784	77.25491	56.59085	47.61205
60.824	77.25491	56.59085	47.61205
60.863	77.25491	56.5891	47.61205
60.902	77.25491	56.53334	46.93277
60.94	77.25491	56.84357	47.84314
60.979	77.25491	57.25142	48.41036
61.02	77.25491	56.81743	48.06023
61.059	77.25491	57.12767	48.17227
61.097	77.25491	56.98998	48.29832
61.136	77.25491	57.55469	49.09664
61.175	77.25491	57.54074	48.76051
61.213	77.25491	57.45185	48.64846
61.252	77.25491	57.56166	48.76051
61.29	77.25491	57.27407	48.76051
61.329	77.25491	57.59303	48.7535
61.368	77.25491	57.58954	48.86554
61.407	77.25491	57.53202	48.87255
61.446	77.25491	57.59128	48.87955
61.484	77.25491	57.84575	49.22269
61.523	77.25491	58.21874	49.78992
61.563	77.25491	58.31111	49.56583
61.601	83.92157	58.16122	49.43977
61.64	77.25491	58.16122	49.55182
61.679	77.25491	58.25011	49.67787
61.717	77.25491	58.278	49.78291
61.757	77.25491	58.45055	50.02101
61.796	77.25491	58.24662	49.77591
61.835	77.25491	58.44706	49.43977
61.873	77.25491	58.39651	49.55882
61.912	77.25491	58.72593	50.13305
61.95	77.25491	58.15425	49.20868
61.99	77.25491	58.76775	50.2451
62.029	77.25491	58.50109	49.78992
62.069	77.25491	58.62135	49.90897
62.108	77.25491	58.99085	50.12605
62.147	77.25491	58.93856	49.90196
62.185	77.25491	58.70501	50.12605
62.224	77.25491	58.70501	50.12605
62.263	77.25491	59.05534	50.014
62.302	77.25491	58.76601	49.90196
62.341	77.25491	59.17037	49.79692
62.38	77.25491	59.10065	50.46919
62.419	77.25491	58.82702	49.90196
62.458	77.25491	59.01699	50.46919
62.497	77.25491	59.19128	50.2451
62.535	77.25491	59.45621	50.14006
62.575	83.92157	59.30283	50.46218
62.615	77.25491	59.00479	49.45378
62.654	83.92157	59.22789	50.02101
62.692	77.25491	59.3342	50.46919
62.731	77.25491	59.45446	50.36415
62.769	83.92157	59.3586	50.58123
62.808	77.25491	59.39347	50.2451
62.847	77.25491	59.3586	50.58123
62.886	77.25491	59.50675	50.46919
62.925	77.25491	59.6793	50.2451
62.963	83.92157	59.39521	50.58123
63.002	77.25491	59.33943	49.79692
63.04	77.25491	58.99259	50.36415
63.08	77.25491	59.48061	50.58123
63.118	77.25491	59.939	50.93837
63.157	77.25491	59.87799	50.93137
63.2	77.25491	59.30458	49.90196
63.239	77.25491	59.56253	50.69328
63.277	77.25491	59.59564	50.81232
63.316	83.92157	59.95992	50.92437
63.354	83.92157	59.62178	50.35014
63.392	77.25491	59.33769	50.46919
63.431	77.25491	59.65316	50.58823
63.47	77.25491	59.7647	50.70028
63.508	77.25491	59.93551	50.92437
63.548	77.25491	59.939	51.05042
63.588	77.25491	59.67582	50.81932
63.628	77.25491	59.65665	50.47619
63.667	77.25491	59.74379	50.93837
63.705	77.25491	59.6549	51.16246
63.744	77.25491	59.6549	51.16246
63.782	77.25491	59.88148	50.93837
63.821	77.25491	59.6793	50.71428
63.862	77.25491	59.79956	50.93137
63.9	83.92157	59.99651	50.93137
63.939	77.25491	59.67756	50.93837
63.977	83.92157	59.76993	50.81932
64.016	77.25491	59.5085	50.82633
64.055	77.25491	59.51024	50.70728
64.095	77.25491	60.01743	51.37955
64.133	77.25491	60.02091	51.38656
64.173	83.92157	60.10806	51.39356
64.213	77.25491	59.51198	50.70728
64.252	77.25491	59.65316	50.93837
64.29	83.92157	59.93377	50.93137
64.329	77.25491	59.96515	51.16246
64.367	77.25491	59.99826	50.81932
64.406	77.25491	59.79608	51.05742
64.444	77.25491	59.70893	50.81932
64.484	77.25491	59.88497	50.93837
64.523	77.25491	60.02266	51.16947
64.561	77.25491	60.05577	51.16947
64.601	77.25491	59.65142	51.16246
64.64	77.25491	59.76819	50.82633
64.678	77.25491	59.7647	51.16246
64.716	77.25491	60.0244	51.28151
64.755	77.25491	60.05229	51.39356
64.794	77.25491	59.91285	50.93837
64.832	77.25491	60.08192	51.16246
64.872	77.25491	59.88148	51.16246
64.911	77.25491	59.99477	50.70728
64.949	77.25491	59.88322	51.16246
64.988	77.25491	59.65142	51.27451
65.027	77.25491	59.74379	50.72129
65.065	77.25491	59.7037	50.93837
65.107	77.25491	60.16558	51.51261
65.146	77.25491	59.88671	51.05042
65.185	77.25491	59.88671	51.05042
65.224	77.25491	59.82571	51.28151
65.263	77.25491	59.99651	50.93837
65.302	77.25491	59.96688	51.16246
65.341	77.25491	59.84488	50.71428
65.379	77.25491	59.68104	51.05042
65.419	77.25491	59.71242	51.16246
65.458	77.25491	59.65316	50.71428
65.497	77.25491	60.05229	51.05742
65.536	83.92157	60.2841	51.39356
65.575	77.25491	60.0854	51.28151
65.615	77.25491	59.74205	50.82633
65.655	77.25491	59.88497	50.93837
65.694	77.25491	59.88322	50.93837
65.733	77.25491	60.02091	51.16246
65.772	77.25491	60.11329	51.16947
65.812	77.25491	59.70544	50.93137
65.851	77.25491	59.88497	50.94538
65.89	77.25491	59.9024	51.27451
65.929	83.92157	59.70719	50.71428
65.968	77.25491	60.00174	50.93837
66.006	77.25491	59.93551	50.92437
66.047	77.25491	59.71416	51.05742
66.085	77.25491	59.85359	51.05742
66.125	77.25491	60.19346	51.05742
