Time	I.max_1	I.total_1	I.back_1
0	96.86275	92.21438	84.93697
0.039	96.86275	92.01569	84.46779
0.081	96.86275	92.30327	84.81793
0.119	96.86275	92.27712	84.94398
0.158	96.86275	92.27712	85.05602
0.196	96.86275	92.30327	85.28712
0.234	96.86275	92.16209	84.70588
0.273	96.86275	92.2475	85.05602
0.311	96.86275	92.21961	84.71288
0.349	96.86275	92.36253	85.16807
0.389	96.86275	91.53116	85.03501
0.427	96.86275	92.27712	85.17507
0.465	96.86275	92.30501	85.17507
0.505	96.86275	92.16035	84.93697
0.544	96.86275	92.19172	84.94398
0.582	96.86275	92.24401	84.81793
0.622	96.86275	92.10458	84.59383
0.66	96.86275	92.10109	84.69888
0.7	96.86275	92.18823	84.81793
0.739	96.86275	92.30501	85.05602
0.777	96.86275	92.30501	85.05602
0.816	96.86275	92.24401	84.81793
0.855	96.86275	92.18998	84.82493
0.894	96.86275	92.24575	84.93697
0.932	96.86275	92.33464	85.05602
0.971	96.86275	92.16209	84.82493
1.011	96.86275	92.16035	84.70588
1.05	96.86275	91.98605	84.34874
1.089	96.86275	92.22135	84.94398
1.13	96.86275	92.19172	84.82493
1.169	96.86275	92.16209	84.93697
1.208	96.86275	92.33639	85.17507
1.247	96.86275	92.13072	84.93697
1.285	96.86275	92.07494	84.36275
1.325	96.86275	92.21786	84.93697
1.364	96.86275	92.21786	85.04902
1.403	96.86275	92.27712	85.16807
1.442	96.86275	92.04357	84.93697
1.48	96.86275	92.04532	84.46779
1.519	96.86275	92.01743	84.59383
1.558	96.86275	92.13072	85.04902
1.596	96.86275	92.18998	84.93697
1.638	96.86275	92.04357	84.69888
1.676	96.86275	91.98605	84.47479
1.715	96.86275	92.0732	84.69888
1.753	96.86275	92.12897	84.69888
1.791	96.86275	92.16035	84.70588
1.83	96.86275	92.07494	84.82493
1.868	96.86275	91.89717	84.34874
1.906	96.86275	92.04532	84.47479
1.946	96.86275	92.24575	84.93697
1.984	96.86275	92.01569	84.58683
2.022	96.86275	92.18649	84.69888
2.061	96.86275	92.1342	84.83193
2.1	96.86275	92.01743	84.4818
2.14	96.86275	92.18998	84.82493
2.179	96.86275	92.18998	84.93697
2.218	96.86275	92.13246	84.36275
2.257	96.86275	92.13246	84.36275
2.295	96.86275	92.01569	84.2437
2.334	96.86275	92.04532	84.47479
2.373	96.86275	91.98605	84.11765
2.412	96.86275	92.01395	84.35574
2.45	96.86275	91.93028	83.89355
2.489	96.86275	91.90065	84.12465
2.527	96.86275	92.04706	84.59383
2.567	96.86275	92.01569	84.47479
2.606	96.86275	92.0732	84.46779
2.646	96.86275	91.9268	84.11765
2.684	96.86275	91.98257	84.46078
2.723	96.86275	92.04706	84.59383
2.761	96.86275	91.83791	84.34874
2.8	96.86275	92.07146	84.69888
2.838	96.86275	91.89717	84.34874
2.877	96.86275	92.04532	84.47479
2.916	96.86275	92.01395	84.46078
2.954	96.86275	91.84139	84.58683
2.993	96.86275	91.89891	84.12465
3.031	96.86275	91.63921	84.0056
3.069	96.86275	91.87103	84.12465
3.109	96.86275	91.95643	84.23669
3.149	96.86275	91.95991	84.60085
3.189	96.86275	91.92854	84.47479
3.227	96.86275	91.66711	84.0056
3.266	96.86275	91.89717	84.46779
3.304	96.86275	91.84139	84.2437
3.342	96.86275	91.84139	84.34874
3.381	96.86275	91.95643	84.46779
3.42	96.86275	91.57647	84.2297
3.458	96.86275	92.04532	84.59383
3.498	96.86275	91.83965	84.35574
3.536	96.86275	91.83965	84.35574
3.575	96.86275	91.95643	84.35574
3.614	96.86275	92.04532	84.59383
3.654	96.86275	91.84139	84.58683
3.693	96.86275	92.12897	84.81092
3.731	96.86275	91.95817	84.23669
3.77	96.86275	91.98605	84.34874
3.81	96.86275	91.93028	84.36275
3.848	96.86275	91.48584	84.35574
3.887	96.86275	91.89891	84.47479
3.925	96.86275	91.9024	84.13165
3.964	96.86275	91.98431	84.35574
4.003	96.86275	91.98605	84.23669
4.041	96.86275	91.92506	84.46078
4.079	96.86275	91.86928	84.47479
4.12	96.86275	91.84139	84.35574
4.16	96.86275	91.90065	84.0126
4.199	96.86275	91.87103	84.11765
4.238	96.86275	91.86928	84.2437
4.276	96.86275	91.89717	84.58683
4.314	96.86275	91.90065	84.36275
4.353	96.86275	91.90065	84.12465
4.391	96.86275	91.86928	83.88656
4.429	96.86275	91.86754	84.70588
4.469	96.86275	91.83965	84.35574
4.507	96.86275	91.98605	84.47479
4.545	96.86275	91.89891	84.23669
4.584	96.86275	91.9268	84.34874
4.622	96.86275	91.48409	84.12465
4.662	96.86275	91.81176	84.2437
4.701	96.86275	91.84139	84.2437
4.739	96.86275	91.87276	84.4818
4.778	96.86275	91.95991	84.12465
4.861	96.86275	92.24401	84.92297
4.905	96.86275	92.96558	86.67367
4.947	96.86275	93.25491	87.59804
4.988	96.86275	93.65577	88.05322
5.026	96.86275	92.77908	87.12885
5.066	96.86275	92.41482	85.5042
5.104	96.86275	90.88802	82.84314
5.143	96.86275	87.52244	77.31793
5.184	96.86275	82.09673	70.09104
5.223	96.86275	73.73246	61.12045
5.261	96.86275	64.24052	52.44398
5.3	83.92157	54.60741	45.21709
5.338	70.98039	48.9342	40.77731
5.377	64.70588	45.65577	37.33894
5.416	64.70588	45.65577	37.33894
5.455	70.98039	46.79739	38.02521
5.494	77.25491	49.89804	39.85294
5.533	90.19608	54.57429	43.45938
5.572	96.86275	59.62353	46.58964
5.61	96.86275	63.37429	49.44678
5.649	96.86275	66.76427	52.21288
5.691	96.86275	69.69063	54.86695
5.729	96.86275	72.44793	58.0112
5.768	96.86275	74.76949	60.32213
5.806	96.86275	76.80523	62.2619
5.845	96.86275	77.9695	63.73249
5.883	96.86275	79.72636	65.58124
5.922	96.86275	81.0719	67.19187
5.96	96.86275	82.27799	68.92157
6	96.86275	83.11111	69.72689
6.038	96.86275	83.139	70.56722
6.077	96.86275	83.97559	71.12045
6.115	96.86275	84.17778	71.2395
6.154	96.86275	83.77168	71.35154
6.194	96.86275	82.96471	69.96499
6.233	96.86275	80.97952	67.66106
6.272	96.86275	78.63181	64.65686
6.31	96.86275	75.21917	61.22549
6.349	96.86275	70.82005	57.56303
6.388	96.86275	64.76166	51.9958
6.426	90.19608	57.44836	46.95378
6.465	77.25491	51.46144	42.17787
6.503	70.98039	47.15294	39.18768
6.542	64.70588	44.739	36.56162
6.58	64.70588	44.27713	35.7563
6.619	64.70588	45.17473	36.66667
6.658	70.98039	46.63878	37.80812
6.698	77.25491	48.72157	39.15966
6.737	83.92157	51.36035	40.91036
6.775	83.92157	51.36035	40.91036
6.814	90.19608	53.39782	42.87815
6.853	96.86275	55.46144	43.57843
6.892	96.86275	57.35424	44.7409
6.93	96.86275	58.99085	45.66526
6.97	96.86275	60.86274	46.93977
7.008	96.86275	62.14553	47.73809
7.047	96.86275	63.89019	49.43977
7.085	96.86275	65.09281	50.14006
7.124	96.86275	66.61786	51.63866
7.163	96.86275	67.85882	52.68207
7.204	96.86275	69.41003	54.06863
7.243	96.86275	70.40348	55.36415
7.282	96.86275	71.56078	56.29552
7.321	96.86275	72.16035	56.9888
7.36	96.86275	72.58562	57.54902
7.398	96.86275	72.35381	57.33893
7.436	96.86275	70.89499	56.51961
7.475	96.86275	69.09456	55.11905
7.513	96.86275	66.16296	52.33193
7.551	96.86275	62.02876	48.87955
7.591	90.19608	57.21307	45.67227
7.629	77.25491	52	42.06583
7.667	70.98039	47.92854	39.40476
7.708	64.70588	44.87669	36.19048
7.746	64.70588	43.01176	35.16106
7.784	64.70588	42.26754	34.81092
7.823	64.70588	42.68584	34.45378
7.861	64.70588	43.72636	35.04902
7.9	70.98039	44.85403	35.97339
7.939	70.98039	46.14379	37.23389
7.977	70.98039	47.261	37.80112
8.016	70.98039	47.261	37.80112
8.054	77.25491	48.49324	38.59244
8.093	77.25491	49.37168	38.93557
8.132	83.92157	50.51852	39.62885
8.171	90.19608	51.72636	39.97899
8.213	90.19608	52.73551	40.33613
8.252	96.86275	53.36471	41.26051
8.291	96.86275	54.73813	42.06583
8.329	96.86275	56.01046	42.89216
8.368	96.86275	57.69586	44.16667
8.406	96.86275	58.95773	44.97199
8.445	96.86275	59.99826	45.78431
8.484	96.86275	61.25664	46.69468
8.523	96.86275	62.89674	48.31232
8.562	96.86275	63.97734	49.56583
8.6	96.86275	64.28932	49.55882
8.638	96.86275	63.7281	49.11064
8.677	96.86275	62.89674	48.77451
8.717	96.86275	60.96907	47.38795
8.755	96.86275	58.38954	46.13446
8.794	90.19608	54.94379	43.45938
8.833	83.92157	50.7573	39.86695
8.871	70.98039	47.57996	37.68908
8.91	70.98039	44.62919	35.28711
8.948	64.70588	43.06754	35.05602
8.986	64.70588	41.97124	34.11765
9.025	64.70588	41.39782	34.0126
9.063	64.70588	41.51286	33.53642
9.101	64.70588	42.23442	34.34874
9.141	64.70588	43.1878	35.06303
9.18	70.98039	44.25098	35.28711
9.22	70.98039	44.82092	35.5112
9.26	70.98039	45.54597	36.31652
9.298	77.25491	46.45577	36.54062
9.337	77.25491	47.39695	37.55602
9.375	77.25491	47.39695	37.55602
9.414	77.25491	48.02963	37.79412
9.454	83.92157	48.77908	38.02521
9.493	83.92157	49.85621	38.47339
9.531	90.19608	50.74858	38.59244
9.57	90.19608	51.57996	39.51681
9.608	96.86275	52.92897	40.22409
9.647	96.86275	53.9695	41.37955
9.686	96.86275	55.34641	42.42997
9.726	96.86275	56.47059	43.14426
9.766	96.86275	57.87016	44.41177
9.804	96.86275	58.72419	44.7479
9.847	96.86275	58.95948	45.09103
9.885	96.86275	58.87407	44.993
9.924	96.86275	57.78823	44.41177
9.963	96.86275	56.12724	43.81652
10.001	90.19608	54.19782	42.42297
10.04	83.92157	51.28018	40.22409
10.079	77.25491	48.72331	38.12325
10.118	70.98039	46.23268	36.65966
10.156	70.98039	44.35904	35.28011
10.195	64.70588	42.81133	34.58683
10.235	64.70588	41.60174	34.12465
10.274	64.70588	41.59652	33.30532
10.312	64.70588	41.62266	33.42437
10.351	64.70588	41.91895	33.78851
10.391	64.70588	42.87059	34.59384
10.429	70.98039	43.47189	34.81793
10.467	70.98039	44.10283	34.71289
10.506	70.98039	44.62397	35.17507
10.544	70.98039	45.30893	35.29412
10.583	77.25491	45.7342	35.73529
10.621	77.25491	46.02353	35.52521
10.659	77.25491	47.2244	36.42857
10.698	77.25491	47.97037	37.10784
10.739	83.92157	48.77211	37.33193
10.777	83.92157	49.39782	37.78711
10.816	83.92157	49.39782	37.78711
10.855	83.92157	50.23442	38.0112
10.894	90.19608	51.61656	39.28572
10.932	90.19608	52.56296	39.7549
10.971	90.19608	53.50588	40.10504
11.01	96.86275	54.48366	41.4986
11.049	96.86275	54.88453	41.4916
11.088	96.86275	55.51373	42.64706
11.126	96.86275	55.32723	42.78011
11.165	90.19608	54.51677	41.5056
11.205	90.19608	53.07712	40.32913
11.245	83.92157	50.84096	38.82353
11.283	77.25491	49.37516	38.13726
11.323	77.25491	47.22963	36.87675
11.362	70.98039	45.14684	35.05602
11.4	70.98039	43.93203	34.58683
11.44	64.70588	42.59346	33.31933
11.478	64.70588	42.0427	33.33333
11.517	64.70588	41.722	32.97619
11.556	64.70588	41.72723	32.97619
11.594	64.70588	42.21351	33.20028
11.632	70.98039	42.28148	33.32633
11.672	70.98039	43.30283	33.90056
11.71	70.98039	43.90588	34.2437
11.75	70.98039	44.33987	34.36975
11.789	70.98039	44.76514	34.14566
11.827	77.25491	45.22876	34.14566
11.865	77.25491	46.36863	35.5112
11.904	77.25491	47.20174	36.19048
11.942	83.92157	47.57299	36.9958
11.981	83.92157	48.62397	37.21289
12.02	83.92157	48.96906	37.21289
12.059	83.92157	49.9451	38.0112
12.097	83.92157	50.38257	38.13025
12.136	83.92157	50.38257	38.13025
12.174	90.19608	51.32026	39.28572
12.214	90.19608	52.32418	39.27871
12.254	90.19608	52.8976	39.85994
12.294	90.19608	53.33333	39.76191
12.334	90.19608	53.19041	40.21709
12.372	90.19608	53.02135	40.10504
12.411	90.19608	52.52811	39.52381
12.45	83.92157	50.89847	38.82353
12.488	83.92157	49.92244	38.2493
12.527	77.25491	48.42876	36.9888
12.565	77.25491	46.66144	36.19748
12.605	70.98039	45.1451	35.05602
12.644	70.98039	44.16732	34.01961
12.682	70.98039	43.53464	33.55742
12.721	70.98039	43.07277	33.42437
12.761	70.98039	42.96296	33.20728
12.799	70.98039	43.16514	33.45238
12.838	70.98039	43.07277	33.33333
12.876	70.98039	43.44924	33.56443
12.916	70.98039	43.70719	33.67647
12.954	70.98039	44.05229	34.14566
12.993	70.98039	44.67799	34.36274
13.031	70.98039	44.97081	34.36975
13.069	77.25491	45.88061	35.51821
13.108	77.25491	46.54466	35.39916
13.146	77.25491	46.96819	35.84734
13.185	77.25491	47.76994	36.53361
13.225	83.92157	48.40087	37.10084
13.265	83.92157	49.00218	37.34594
13.303	83.92157	49.51982	37.44398
13.343	83.92157	50.17691	38.0112
13.381	83.92157	50.60915	38.01821
13.419	90.19608	51.46841	39.04762
13.458	90.19608	51.93029	39.18067
13.497	90.19608	51.78911	38.94258
13.536	90.19608	51.78911	38.94258
13.574	90.19608	52.00697	39.5028
13.613	83.92157	51.61307	39.27171
13.652	83.92157	50.70675	38.48039
13.691	83.92157	50.03748	38.71149
13.729	77.25491	48.91503	37.56303
13.77	77.25491	47.74205	37.0028
13.808	70.98039	46.34248	35.72829
13.862	70.98039	44.65359	34.59384
13.9	70.98039	44.05054	34.01961
13.939	70.98039	43.64793	34.01961
13.977	70.98039	43.70893	34.02661
14.016	70.98039	43.70893	34.02661
14.054	70.98039	43.50676	33.56443
14.093	70.98039	43.5939	33.22829
14.131	70.98039	43.97211	33.92157
14.171	70.98039	44.11329	34.2577
14.21	70.98039	44.73726	34.48179
14.249	77.25491	45.13464	34.92997
14.29	77.25491	45.7098	34.59384
14.328	77.25491	46.13508	35.27311
14.367	77.25491	46.62135	35.62325
14.406	77.25491	47.40044	36.42857
14.444	77.25491	47.39521	36.30252
14.484	83.92157	48.14292	36.31652
14.523	83.92157	48.79652	36.9958
14.561	83.92157	49.02658	37.56303
14.599	83.92157	49.62963	37.54902
14.638	83.92157	50.15599	38.03221
14.676	83.92157	50.6109	38.13025
14.714	83.92157	51.04314	38.35434
14.753	83.92157	50.84619	38.60644
14.794	83.92157	51.24357	38.82353
14.837	83.92157	50.69978	38.59944
14.875	83.92157	50.15425	38.36835
14.913	83.92157	49.20784	37.79412
14.951	77.25491	48.23355	37.45098
14.989	77.25491	47.51721	36.41457
15.028	77.25491	46.51155	35.5042
15.066	70.98039	45.65229	35.16106
15.105	70.98039	44.99521	34.58683
15.144	70.98039	44.42353	34.48179
15.182	70.98039	44.19869	33.90756
15.22	70.98039	43.88148	33.46639
15.26	70.98039	44.22658	33.57143
15.3	70.98039	44.28235	33.90756
15.338	70.98039	44.62571	34.70588
15.377	77.25491	44.79651	33.90756
15.417	77.25491	45.42222	34.48179
15.455	77.25491	45.42222	34.48179
15.494	77.25491	45.7098	34.59384
15.533	77.25491	46.16645	34.69888
15.571	77.25491	46.7451	35.51821
15.61	77.25491	47.30806	36.07143
15.649	77.25491	47.74379	36.54062
15.687	83.92157	47.91634	36.42857
15.727	83.92157	48.31721	36.65266
15.766	83.92157	48.74597	36.9958
15.806	83.92157	49.14858	36.64566
15.844	83.92157	49.49194	37.45098
15.883	83.92157	50.03748	37.78711
15.921	83.92157	50.29368	37.90616
15.96	83.92157	50.86885	38.71849
15.999	83.92157	50.55163	38.01821
16.038	83.92157	50.52201	38.13726
16.076	83.92157	50.15425	38.13726
16.115	83.92157	49.63312	37.56303
16.153	83.92157	48.92375	37.45798
16.191	77.25491	47.94249	36.41457
16.23	77.25491	46.94553	35.73529
16.269	77.25491	46.93856	36.06443
16.309	77.25491	45.96776	35.27311
16.349	77.25491	45.62091	35.04902
16.388	70.98039	45.1695	34.71289
16.426	70.98039	44.40261	33.57143
16.465	70.98039	44.82614	34.36975
16.51	70.98039	44.65185	33.90056
16.548	77.25491	45.2305	34.59384
16.587	77.25491	45.30196	34.47479
16.625	77.25491	45.14161	33.79552
16.664	77.25491	45.99913	34.70588
16.703	77.25491	46.54118	35.39216
16.741	77.25491	46.51155	34.92997
16.779	77.25491	47.19128	35.94538
16.82	77.25491	47.08671	35.39916
16.858	77.25491	47.56776	36.54062
16.896	77.25491	48.05577	36.30252
16.935	77.25491	48.05577	36.30252
16.975	83.92157	48.46013	36.31652
17.014	83.92157	48.74249	37.10084
17.052	83.92157	48.91852	36.9958
17.091	83.92157	49.66449	37.78711
17.13	83.92157	49.95033	37.90616
17.169	83.92157	50.14902	37.78711
17.207	83.92157	50.1525	37.90616
17.246	83.92157	50.01133	38.13726
17.286	83.92157	49.9207	37.45098
17.327	83.92157	49.71329	37.89916
17.365	83.92157	49.25665	37.78711
17.404	77.25491	48.31198	36.87675
17.443	77.25491	47.53813	36.63866
17.481	77.25491	45.85447	34.70588
17.524	70.98039	43.56427	32.64006
17.563	70.98039	42.5342	32.39496
17.602	70.98039	41.75163	31.57563
17.641	70.98039	41.12418	31.46358
17.68	64.70588	41.69935	31.94678
17.718	70.98039	41.78649	32.05182
17.757	70.98039	41.79172	32.17087
17.796	70.98039	41.72898	31.81373
17.836	70.98039	41.61394	31.70168
17.873	70.98039	41.73072	31.70168
17.913	70.98039	41.98519	31.93277
17.952	70.98039	42.1037	32.16387
17.99	70.98039	42.18388	31.69468
18.028	70.98039	41.84401	31.70868
18.067	70.98039	42.10545	32.04482
18.105	70.98039	42.29891	32.04482
18.144	70.98039	42.41046	31.92577
18.182	70.98039	42.30239	31.80672
18.22	70.98039	42.09673	31.91877
18.26	70.98039	42.43835	31.81373
18.3	70.98039	42.44009	32.04482
18.339	70.98039	42.64575	32.17087
18.378	70.98039	42.56035	31.91877
18.417	70.98039	41.99041	31.36555
18.455	70.98039	42.41917	31.48459
18.495	70.98039	42.41917	31.48459
18.533	70.98039	42.50457	31.82073
18.573	70.98039	42.92985	32.61905
18.612	70.98039	42.69978	32.04482
18.65	70.98039	42.33551	32.05182
18.689	70.98039	42.56384	31.93978
18.728	70.98039	42.4488	31.82073
18.766	70.98039	42.90719	32.52101
18.805	70.98039	42.82004	32.28291
18.845	70.98039	42.29891	31.79972
18.885	70.98039	42.38954	31.59664
18.923	70.98039	42.44357	31.58263
18.962	70.98039	42.70327	32.28291
19.001	70.98039	42.56209	31.70168
19.039	70.98039	42.10545	31.35154
19.077	70.98039	42.4732	31.58964
19.116	70.98039	42.5342	31.80672
19.154	70.98039	42.64227	31.93277
19.193	70.98039	42.59346	31.82773
19.232	70.98039	41.99041	31.35854
19.27	70.98039	42.50632	31.58964
19.309	70.98039	42.5342	31.81373
19.35	70.98039	42.76078	32.16387
19.388	70.98039	42.38605	31.11345
19.427	70.98039	42.42266	31.93277
19.466	70.98039	42.46798	31.80672
19.505	70.98039	42.39128	31.23249
19.543	70.98039	42.87407	32.05182
19.582	70.98039	42.76078	31.82773
19.62	70.98039	42.41569	31.47059
19.658	70.98039	42.44357	31.82073
19.697	70.98039	42.67364	31.82073
19.736	70.98039	42.58823	31.34454
19.774	70.98039	42.58823	31.34454
19.814	70.98039	42.67364	31.70168
19.858	70.98039	42.45229	31.70168
19.896	70.98039	42.56906	31.93978
19.935	70.98039	42.56906	31.93978
19.974	70.98039	42.53246	31.58263
20.012	70.98039	42.47495	31.47059
20.051	70.98039	42.57952	31.57563
20.09	70.98039	42.15425	30.88235
20.129	70.98039	42.33725	31.4916
20.168	70.98039	42.6475	31.82073
20.207	70.98039	42.21525	31.13445
20.245	70.98039	42.30414	31.58964
20.284	70.98039	42.62309	32.16387
20.324	70.98039	42.30414	31.11345
20.362	70.98039	42.58823	32.16387
20.402	70.98039	42.47146	31.68768
20.443	70.98039	42.18562	31.22549
20.481	70.98039	42.19608	31.70168
20.519	70.98039	42.38257	31.58964
20.558	70.98039	42.53072	32.04482
20.597	70.98039	42.36166	31.35854
20.635	70.98039	42.53072	31.82073
20.673	70.98039	42.15948	31.35154
20.712	70.98039	42.19608	31.35854
20.751	70.98039	42.48192	31.92577
20.789	70.98039	42.339	31.71569
20.828	70.98039	42.34423	31.71569
20.866	70.98039	41.90501	31.35854
20.906	70.98039	42.38954	31.57563
20.945	70.98039	42.27625	31.37255
20.983	70.98039	42.15948	31.80672
21.022	70.98039	42.18562	31.10644
21.061	70.98039	42.41917	31.81373
21.099	70.98039	42.25011	31.59664
21.138	70.98039	42.27277	31.69468
21.177	70.98039	42.30239	31.35854
21.215	70.98039	42.30239	31.35854
21.253	70.98039	41.84575	31.2465
21.292	70.98039	42.21525	31.11345
21.332	70.98039	42.07582	31.60364
21.371	70.98039	42.10719	31.47759
21.412	70.98039	41.98693	31.12045
21.451	70.98039	41.96253	31.0014
21.491	70.98039	42.24662	31.91877
21.53	70.98039	42.07233	31.35154
21.568	70.98039	42.01133	31.12745
21.607	70.98039	42.22396	31.58964
21.645	70.98039	42.01656	31.46358
21.685	70.98039	42.35991	31.35854
21.724	70.98039	41.96253	31.2395
21.762	70.98039	42.15773	31.12045
21.801	70.98039	42.30066	31.59664
21.839	70.98039	42.09848	31.22549
21.878	70.98039	41.84401	31.0084
21.916	70.98039	42.0183	31.93978
21.956	70.98039	42.22745	31.60364
21.996	70.98039	42.24662	31.92577
22.034	70.98039	42.30762	31.59664
22.072	70.98039	42.21525	31.57563
22.111	70.98039	42.27103	31.70168
22.15	70.98039	41.99041	30.89636
22.188	70.98039	41.90327	31.47059
22.226	70.98039	41.84401	30.88235
22.265	70.98039	42.07233	31.48459
22.304	70.98039	42.24836	30.88936
22.343	70.98039	42.10545	31.12745
22.382	70.98039	41.87015	31.12045
22.42	70.98039	41.72549	30.88936
22.461	70.98039	41.95904	31.58964
22.499	70.98039	41.86841	31.23249
22.538	70.98039	41.89978	31.12745
22.576	70.98039	41.61394	31.2395
22.616	70.98039	41.64009	30.53922
22.654	70.98039	41.64009	30.53922
22.693	70.98039	42.01133	30.9874
22.732	70.98039	42.13159	31.58964
22.77	70.98039	41.9939	31.36555
22.809	70.98039	41.5268	30.77031
22.848	70.98039	42.01307	31.81373
22.886	70.98039	42.12811	31.70868
22.925	70.98039	42.07233	31.0014
22.966	70.98039	41.78475	30.77031
23.004	70.98039	41.61743	31.2465
23.043	70.98039	41.92593	31.23249
23.082	70.98039	41.89455	31.21849
23.12	70.98039	41.95381	30.9874
23.159	70.98039	41.95381	31.58263
23.197	70.98039	41.6976	30.66527
23.236	70.98039	41.98693	31.0014
23.275	70.98039	41.95904	30.7633
23.314	70.98039	42.10022	31.2395
23.353	70.98039	42.30588	31.70868
23.391	70.98039	41.9329	30.7633
23.43	70.98039	41.96253	31.2395
23.47	70.98039	42.1037	31.2395
23.508	70.98039	41.95381	31.23249
23.547	70.98039	42.18388	31.80672
23.586	70.98039	41.95207	30.87535
23.625	70.98039	41.98344	31.34454
23.663	70.98039	42.01307	31.57563
23.702	70.98039	42.18388	30.88235
23.74	70.98039	42.01656	31.0014
23.778	70.98039	41.90327	31.0014
23.817	70.98039	41.9573	30.53221
23.855	70.98039	42.1647	31.82073
23.895	70.98039	42.1647	31.82073
23.934	70.98039	41.84924	31.12045
23.975	70.98039	41.95381	30.87535
24.013	70.98039	42.10022	31.22549
24.052	70.98039	41.98519	31.34454
24.091	70.98039	42.13159	31.92577
24.13	70.98039	41.78475	30.7633
24.168	70.98039	42.12985	31.68768
24.208	70.98039	41.84227	31.35154
24.246	70.98039	42.07233	31.0084
24.285	70.98039	42.10022	31.23249
24.324	70.98039	42.06885	31.35854
24.363	70.98039	42.1037	31.23249
24.402	70.98039	42.01656	31.12045
24.44	70.98039	41.66449	30.9944
24.481	70.98039	41.75686	30.77031
24.521	70.98039	41.86841	31.34454
24.559	70.98039	41.6732	30.89636
24.597	70.98039	41.93464	31.2535
24.636	70.98039	42.09673	31.57563
24.675	70.98039	42.06885	31.23249
24.713	70.98039	41.78998	31.2465
24.751	70.98039	41.76035	31.0084
24.79	70.98039	41.69412	31.22549
24.829	70.98039	41.86492	30.64426
24.872	70.98039	41.86841	31.11345
24.91	70.98039	42.0427	31.92577
24.948	70.98039	41.6366	30.87535
24.989	70.98039	41.75861	30.77031
25.027	70.98039	41.89107	31.09944
25.065	70.98039	41.93116	31.58964
25.104	70.98039	41.57908	31.22549
25.143	70.98039	41.70109	31.12045
25.181	70.98039	41.64183	30.64426
25.22	70.98039	42.03922	30.7633
25.258	70.98039	41.6122	30.18907
25.296	64.70588	41.61743	31.12745
25.335	70.98039	41.78475	31.35154
25.375	70.98039	41.5512	30.42017
25.413	70.98039	41.5512	30.42017
25.453	70.98039	42.04793	31.45658
25.494	70.98039	41.90501	31.2465
25.533	70.98039	41.6122	30.53922
25.572	70.98039	41.38388	31.0084
25.61	70.98039	41.38039	30.30112
25.649	70.98039	41.86841	31.0014
25.688	70.98039	41.5878	30.77731
25.727	70.98039	41.61046	30.51821
25.766	64.70588	41.79172	31.59664
25.805	70.98039	41.67495	31.23249
25.843	70.98039	41.98519	31.11345
25.882	70.98039	41.69237	30.9944
25.92	70.98039	41.72549	31.0084
25.959	64.70588	41.52854	31.0084
25.999	70.98039	41.72375	31.35854
26.037	70.98039	41.78649	31.35854
26.077	70.98039	42.01482	31.33753
26.115	70.98039	41.64009	30.88936
26.154	70.98039	41.64183	31.12045
26.193	70.98039	41.61394	31.01541
26.231	70.98039	41.5878	31.01541
26.269	70.98039	41.17647	30.30812
26.308	70.98039	41.46754	30.88235
26.346	70.98039	41.81089	31.12045
26.386	70.98039	41.23747	30.18207
26.425	70.98039	41.76384	31.60364
26.463	64.70588	41.52157	31.11345
26.504	70.98039	41.43616	30.53221
26.543	70.98039	41.6732	31.2395
26.581	70.98039	41.15207	30.30112
26.619	70.98039	41.61569	31.01541
26.658	70.98039	41.14684	30.28711
26.697	70.98039	41.38388	30.77031
26.736	70.98039	41.40654	30.53221
26.774	70.98039	41.40654	30.53221
26.813	70.98039	41.67146	31.58964
26.852	70.98039	41.55294	30.77031
26.891	64.70588	41.3037	30.65826
26.929	64.70588	41.35076	30.42017
26.968	70.98039	41.81089	31.45658
27.009	70.98039	41.20261	30.52521
27.048	64.70588	41.29673	30.41317
27.087	70.98039	41.41351	30.88235
27.125	64.70588	41.20436	30.18907
27.164	70.98039	41.26361	30.40616
27.202	70.98039	41.32288	30.41317
27.241	64.70588	41.29499	30.07703
27.28	64.70588	41.30196	30.67227
27.319	64.70588	41.15556	30.30812
27.357	64.70588	41.3525	30.42717
27.397	70.98039	41.52331	30.7563
27.435	70.98039	41.32636	30.42017
27.473	64.70588	40.98649	30.08403
27.515	64.70588	41.32811	30.90336
27.554	70.98039	41.55294	30.7563
27.592	70.98039	41.38039	30.41317
27.632	70.98039	41.2183	30.77731
27.67	70.98039	41.20958	31.12745
27.709	70.98039	44.39564	32.84314
27.747	90.19608	52.02615	38.5084
27.786	96.86275	55.49455	40.70028
27.824	90.19608	54.42614	41.37955
27.863	83.92157	50.44706	38.03221
27.901	70.98039	46.17516	34.92997
27.939	64.70588	42.72593	32.85014
27.979	64.70588	40.17255	30.89636
28.019	58.03922	38.21525	29.94398
28.057	58.03922	37.53377	29.51681
28.096	58.03922	37.783	29.60084
28.135	58.03922	37.783	29.60084
28.173	64.70588	38.84967	30.77731
28.212	64.70588	39.80479	31.01541
28.251	64.70588	40.86623	32.03782
28.29	70.98039	41.85447	32.52101
28.329	70.98039	43.45447	33.78151
28.368	70.98039	44.62571	33.78851
28.407	77.25491	45.82484	34.12465
28.446	77.25491	46.79913	35.29412
28.485	83.92157	47.51024	35.28011
28.525	83.92157	48.83311	36.54762
28.565	83.92157	50.27103	37.23389
28.604	90.19608	51.4963	38.38235
28.643	90.19608	52.58562	39.29972
28.681	90.19608	53.6244	40
28.72	96.86275	54.42963	40.58123
28.759	96.86275	55.17385	40.93137
28.797	96.86275	55.1512	41.39356
28.836	90.19608	53.76732	40.58123
28.874	83.92157	51.21743	39.19468
28.913	77.25491	48.0854	36.98179
28.952	70.98039	45.47974	34.91597
28.99	64.70588	42.70675	33.43838
29.03	64.70588	41.00043	32.16387
29.069	64.70588	39.73333	31.0014
29.107	64.70588	39.80305	31.02241
29.145	64.70588	39.94074	31.69468
29.184	64.70588	40.98126	32.7451
29.223	64.70588	41.78823	32.9902
29.261	70.98039	43.19128	33.67647
29.3	70.98039	44.05403	34.2577
29.338	77.25491	45.53551	35.27311
29.377	77.25491	46.8793	36.09244
29.417	83.92157	47.88322	36.30952
29.455	83.92157	49.49368	37.92717
29.494	83.92157	49.49368	37.92717
29.536	90.19608	52.30327	39.30672
29.574	90.19608	52.30327	39.30672
29.613	96.86275	53.53377	40.22409
29.652	96.86275	54.65969	41.04342
29.691	96.86275	55.68976	41.72269
29.73	96.86275	56.18126	41.96078
29.768	96.86275	56.71983	42.41597
29.807	96.86275	56.05577	41.95378
29.85	96.86275	55.20349	41.96078
29.889	90.19608	53.45534	40.67927
29.927	83.92157	51.13725	38.97059
29.966	77.25491	48.8366	37.79412
30.005	70.98039	46.06013	35.96639
30.045	70.98039	44.33638	34.46779
30.083	64.70588	42.64401	33.55042
30.122	64.70588	41.80218	33.55042
30.162	64.70588	41.94684	33.30532
30.201	64.70588	42.09673	33.43137
30.239	70.98039	43.58867	34.48179
30.278	70.98039	44.4549	34.71289
30.316	70.98039	45.42745	35.7493
30.355	77.25491	46.65621	35.97339
30.393	77.25491	47.71242	36.53361
30.432	83.92157	49.51982	38.15126
30.471	90.19608	51.09194	38.94958
30.511	90.19608	52.44445	39.64986
30.551	96.86275	53.99215	41.02241
30.589	96.86275	54.74161	40.91737
30.628	96.86275	56.8366	43.22829
30.666	96.86275	57.7464	43.57143
30.704	96.86275	58.30588	43.71149
30.743	96.86275	58.84444	44.7409
30.782	96.86275	58.64401	44.62885
30.82	96.86275	57.92418	43.69748
30.859	96.86275	56.46362	43.13025
30.898	90.19608	54.63355	41.84874
30.936	83.92157	52.68148	40.34314
30.975	77.25491	50.22222	39.20868
31.013	77.25491	50.22222	39.20868
31.054	77.25491	47.95469	36.89075
31.093	70.98039	45.65752	35.16106
31.132	70.98039	44.39913	34.93697
31.171	70.98039	44.02266	34.2437
31.209	70.98039	43.64793	34.36274
31.248	70.98039	44.25447	34.48179
31.286	70.98039	45.25665	35.16807
31.325	77.25491	46.20654	36.09244
31.364	77.25491	47.74031	36.87675
31.403	83.92157	48.77386	37.45098
31.442	83.92157	50.72244	39.29972
31.481	90.19608	52.30153	39.993
31.52	96.86275	53.38388	40.33613
31.561	96.86275	55.1756	41.61064
31.6	96.86275	56.59782	42.64706
31.638	96.86275	58.04271	43.81652
31.676	96.86275	59.36209	44.97199
31.716	96.86275	60.08017	44.7409
31.755	96.86275	60.79477	45.9944
31.793	96.86275	60.64837	45.7493
31.831	96.86275	60.3329	45.86835
31.87	96.86275	59.2122	44.83193
31.908	96.86275	58.0061	44.02661
31.946	96.86275	56.03486	42.76611
31.984	90.19608	54.00436	41.38655
32.024	83.92157	51.99651	39.88795
32.064	77.25491	50.01482	38.72549
32.103	77.25491	48.73551	37.70308
32.141	70.98039	47.69673	37.35994
32.179	70.98039	46.95599	36.66667
32.218	70.98039	46.57429	37.0098
32.256	77.25491	47.37952	36.89075
32.295	77.25491	48.03486	37.34594
32.334	77.25491	48.03486	37.34594
32.373	77.25491	49.35076	38.4944
32.412	83.92157	50.69978	39.64286
32.451	83.92157	51.93029	39.87395
32.49	90.19608	53.76209	41.2535
32.529	96.86275	55.77342	42.07283
32.57	96.86275	57.32288	43.80252
32.608	96.86275	58.84793	44.27871
32.648	96.86275	59.91111	45.42717
32.686	96.86275	61.19738	46.23949
32.725	96.86275	62.37211	47.63305
32.763	96.86275	62.86187	47.85714
32.802	96.86275	62.97168	48.19328
32.84	96.86275	62.6597	47.507
32.879	96.86275	62.25534	46.91877
32.917	96.86275	61.82484	47.60504
32.956	96.86275	60.18649	45.9944
32.995	96.86275	58.40871	44.70588
33.034	90.19608	56.80523	44.02661
33.074	90.19608	54.77647	42.19888
33.111	83.92157	53.50937	41.94678
33.15	83.92157	52.25272	41.14146
33.189	77.25491	50.7329	39.76891
33.227	77.25491	49.98518	38.84454
33.265	77.25491	50.18562	39.17367
33.304	83.92157	50.41045	39.29972
33.342	83.92157	51.6183	40.22409
33.381	83.92157	52.10806	40.11905
33.419	90.19608	53.59303	41.27451
33.458	96.86275	55.40741	42.54902
33.497	96.86275	57.32113	43.69748
33.536	96.86275	59.21569	44.97199
33.576	96.86275	60.48453	45.65826
33.616	96.86275	61.57212	46.71569
33.655	96.86275	62.71373	47.62605
33.693	96.86275	62.71373	47.62605
33.731	96.86275	64.46188	49.45378
33.77	96.86275	64.98301	49.46078
33.809	96.86275	65.1329	49.48179
33.847	96.86275	65.2183	49.58683
33.886	96.86275	65.15903	49.47479
33.925	96.86275	64.75991	49.70588
33.964	96.86275	63.55032	48.19328
34.002	96.86275	62.74858	48.31232
34.041	96.86275	61.22702	46.91177
34.081	96.86275	59.67582	45.88235
34.119	96.86275	58.44183	45.41317
34.158	90.19608	56.47059	43.59244
34.196	90.19608	55.06579	43.12325
34.236	83.92157	54.20305	42.06583
34.274	83.92157	53.59826	41.37255
34.312	90.19608	53.82309	41.95378
34.351	90.19608	54.14031	42.42297
34.389	96.86275	54.79913	42.76611
34.427	96.86275	56.09935	43.13025
34.466	96.86275	57.4658	44.27171
34.505	96.86275	59.07451	45.43417
34.544	96.86275	60.28061	46.12745
34.585	96.86275	62.1159	47.39496
34.623	96.86275	63.32026	48.31933
34.661	96.86275	64.8122	49.58683
34.7	96.86275	65.87712	50.37815
34.738	96.86275	66.65273	50.84734
34.776	96.86275	67.15991	51.30252
34.815	96.86275	67.25403	51.42157
34.858	96.86275	67.5695	51.77871
34.896	96.86275	67.53638	51.66667
34.935	96.86275	66.79216	50.98039
34.973	96.86275	66.79216	50.98039
35.012	96.86275	65.67669	50.39216
35.051	96.86275	64.75643	49.81092
35.091	96.86275	63.5817	48.76751
35.129	96.86275	62.45752	48.06723
35.169	96.86275	61.04924	46.80672
35.208	96.86275	59.70196	46.34454
35.246	96.86275	58.55164	45.63726
35.285	96.86275	57.60522	44.83894
35.323	96.86275	57.2061	44.72689
35.361	96.86275	57.09107	44.84594
35.4	96.86275	57.58257	44.62185
35.438	96.86275	58.3268	45.19608
35.479	96.86275	59.36209	45.54622
35.517	96.86275	60.59956	47.05182
35.556	96.86275	61.60349	47.39496
35.596	96.86275	63.51373	48.7535
35.634	96.86275	64.52636	49.46779
35.673	96.86275	65.72549	50.5042
35.711	96.86275	66.88104	51.77871
35.749	96.86275	67.79608	52.33893
35.789	96.86275	68.22832	52.35994
35.827	96.86275	68.63268	52.82213
35.865	96.86275	68.71808	53.06023
35.904	96.86275	68.94466	53.39636
35.942	96.86275	68.94989	53.52241
35.98	96.86275	68.19521	52.2549
36.019	96.86275	67.37255	51.68068
36.057	96.86275	66.56557	51.33053
36.098	96.86275	65.64532	50.63025
36.137	96.86275	64.7878	49.83193
36.175	96.86275	63.6427	48.66246
36.213	96.86275	63.6427	48.66246
36.252	96.86275	62.51852	47.83613
36.29	96.86275	61.85969	47.61205
36.329	96.86275	61.02483	47.14986
36.367	96.86275	61.1451	47.39496
36.406	96.86275	60.56471	46.69468
36.445	96.86275	61.1695	47.39496
36.484	96.86275	61.4048	47.17087
36.523	96.86275	62.34074	48.29832
36.561	96.86275	63.60784	48.78151
36.602	96.86275	64.37821	49.57283
36.641	96.86275	65.79173	50.74229
36.679	96.86275	66.76601	51.54062
36.717	96.86275	67.88671	52.45798
36.757	96.86275	68.65359	52.92017
36.795	96.86275	69.3159	53.96359
36.833	96.86275	69.97298	54.41177
36.872	96.86275	70.20305	54.41877
36.91	96.86275	70.32854	54.42577
36.948	96.86275	70.20828	54.08964
36.987	96.86275	69.8597	54.20168
37.025	96.86275	69.66274	53.86555
37.064	96.86275	69.17124	53.52241
37.104	96.86275	68.48279	53.17227
37.143	96.86275	67.54335	51.91877
37.181	96.86275	66.53943	51.56863
37.219	96.86275	65.78998	50.62325
37.258	96.86275	64.7878	49.70588
37.296	96.86275	64.55251	49.71289
37.334	96.86275	63.95642	49.0056
37.375	96.86275	63.6061	48.9986
37.413	96.86275	63.6061	48.9986
37.451	96.86275	63.94945	49.58683
37.491	96.86275	63.83094	49.22269
37.53	96.86275	64.6414	50.62325
37.568	96.86275	65.00915	50.37815
37.609	96.86275	65.70284	50.61625
37.648	96.86275	66.79739	52.10784
37.688	96.86275	67.65491	52.23389
37.726	96.86275	68.45839	53.03222
37.765	96.86275	69.20087	53.83754
37.803	96.86275	69.76907	54.18068
37.842	96.86275	70.74684	55.11205
37.88	96.86275	70.83051	54.88095
37.918	96.86275	71.17908	55.34314
37.957	96.86275	71.35338	55.58123
37.997	96.86275	71.18606	55.23109
38.035	96.86275	71.12157	55.34314
38.074	96.86275	70.54815	54.54482
38.114	96.86275	70.11765	54.21569
38.152	96.86275	69.74989	54.32773
38.191	96.86275	69.00043	53.41036
38.229	96.86275	68.85577	53.5154
38.267	96.86275	67.94597	52.36695
38.306	96.86275	67.48759	52.2619
38.345	96.86275	67.22963	51.90476
38.383	96.86275	66.90719	51.19748
38.421	96.86275	67.16689	52.2549
38.459	96.86275	66.59869	51.08543
38.498	96.86275	66.88453	51.66667
38.537	96.86275	67.48061	52.46499
38.575	96.86275	67.48933	52.0028
38.615	96.86275	68.45839	53.38235
38.656	96.86275	68.73725	53.2563
38.694	96.86275	68.73725	53.2563
38.733	96.86275	69.36645	53.83053
38.771	96.86275	70.16819	54.7549
38.81	96.86275	70.43137	55.2381
38.848	96.86275	71.26971	55.69328
38.887	96.86275	71.52419	55.56723
38.927	96.86275	71.58344	55.34314
38.965	96.86275	72.09586	56.38656
39.003	96.86275	71.98083	55.79832
39.042	96.86275	72.0732	56.27451
39.08	96.86275	71.47189	55.23109
39.119	96.86275	71.30109	55.34314
39.157	96.86275	71.09368	55.01401
39.197	96.86275	70.54815	54.67087
39.236	96.86275	70.46275	54.42577
39.275	96.86275	69.83356	53.87255
39.313	96.86275	69.37516	53.7605
39.351	96.86275	69.22876	53.06023
39.39	96.86275	68.77734	52.83614
39.428	96.86275	68.66057	53.17227
39.466	96.86275	68.82614	53.62745
39.506	96.86275	68.74596	53.05322
39.546	96.86275	68.88366	53.5014
39.584	96.86275	68.94118	53.27031
39.625	96.86275	69.51633	54.08263
39.664	96.86275	69.74467	53.96359
39.702	96.86275	69.99912	54.18068
39.742	96.86275	70.69281	55
39.781	96.86275	71.23486	55.32913
39.819	96.86275	71.46667	55.34314
39.858	96.86275	71.7525	55.68628
39.897	96.86275	71.89891	56.16246
39.934	96.86275	72.18998	56.63866
39.973	96.86275	72.18998	56.63866
40.012	96.86275	72.12723	56.27451
40.05	96.86275	72.21089	55.91737
40.089	96.86275	72.07146	55.93137
40.128	96.86275	71.89542	55.92437
40.166	96.86275	71.75425	55.58823
40.206	96.86275	71.47015	55.46218
40.246	96.86275	71.2122	54.89496
40.284	96.86275	70.90022	54.43977
40.322	96.86275	70.75033	54.77591
40.361	96.86275	70.66144	54.67087
40.399	96.86275	70.46797	54.55182
40.437	96.86275	70.57777	54.30672
40.476	96.86275	70.20479	54.54482
40.516	96.86275	70.3756	54.88795
40.554	96.86275	70.17516	54.41877
40.593	96.86275	70.68758	54.88095
40.632	96.86275	70.94728	55.22409
40.67	96.86275	71.09019	55.79832
40.709	96.86275	71.26449	55.58123
40.749	96.86275	71.67059	56.03641
40.787	96.86275	71.67059	56.04342
40.827	96.86275	71.92332	56.37955
40.865	96.86275	72.29978	56.5056
40.903	96.86275	72.32767	56.73669
40.941	96.86275	72.37996	56.37955
40.98	96.86275	72.21612	56.40056
41.018	96.86275	72.55599	56.61765
41.056	96.86275	72.55773	56.96778
41.095	96.86275	72.38344	56.38656
41.134	96.86275	72.38344	56.38656
41.173	96.86275	72.4671	56.40056
41.211	96.86275	72.01046	55.93137
41.25	96.86275	72.15512	56.04342
41.29	96.86275	72.01569	55.93837
41.328	96.86275	71.7281	55.70028
41.367	96.86275	71.75774	55.70728
41.405	96.86275	71.4353	55.34314
41.445	96.86275	71.55033	55.58123
41.483	96.86275	71.55033	55.56723
41.523	96.86275	71.71939	55.68628
41.562	96.86275	71.92332	56.15546
41.601	96.86275	71.69324	55.57423
41.64	96.86275	72.04357	56.04342
41.679	96.86275	72.00697	56.02941
41.718	96.86275	71.89194	56.37955
41.757	96.86275	72.35555	56.7437
41.797	96.86275	72.18475	56.37955
41.836	96.86275	72.44096	56.84174
41.874	96.86275	72.50021	56.84874
41.913	96.86275	72.41307	57.07283
41.951	96.86275	72.52811	56.61765
41.989	96.86275	72.3817	56.61065
42.028	96.86275	72.5891	56.62465
42.067	96.86275	72.26666	56.38656
42.105	96.86275	72.52811	56.5056
42.144	96.86275	72.41307	56.27451
42.182	96.86275	72.37996	56.37955
42.22	96.86275	72.75642	56.51261
42.259	96.86275	72.47059	56.15546
42.299	96.86275	72.52811	56.28151
42.337	96.86275	72.23878	56.39356
42.377	96.86275	72.61525	56.63166
42.415	96.86275	72.61525	56.61765
42.454	96.86275	72.61525	56.61765
42.492	96.86275	72.32767	56.27451
42.532	96.86275	72.49847	56.27451
42.571	96.86275	72.64314	56.97479
42.61	96.86275	72.81743	57.07983
42.649	96.86275	72.98649	56.96078
42.689	96.86275	72.87669	57.09383
42.727	96.86275	72.96035	57.43697
42.766	96.86275	72.84531	57.43697
42.806	96.86275	73.0475	57.19188
42.844	96.86275	73.30893	57.67507
42.883	96.86275	73.01961	57.55602
42.922	96.86275	72.92898	56.84174
42.96	96.86275	72.96384	57.09383
43	96.86275	73.1329	57.31793
43.038	96.86275	73.09804	57.19888
43.076	96.86275	72.8122	56.96778
43.115	96.86275	72.76166	56.96778
43.153	96.86275	72.75642	56.73669
43.191	96.86275	72.58562	56.39356
43.23	96.86275	72.84357	56.39356
43.268	96.86275	72.7878	56.73669
43.309	96.86275	72.69369	56.61065
43.348	96.86275	73.12593	57.19888
43.386	96.86275	72.89412	56.62465
43.424	96.86275	73.38736	57.20588
43.463	96.86275	73.3281	57.18487
43.501	96.86275	73.59477	57.55602
43.54	96.86275	73.41351	57.78011
43.579	96.86275	73.76209	57.9902
43.617	96.86275	74.19434	58.80952
43.657	96.86275	73.81961	58.10925
43.696	96.86275	73.85447	58.13025
43.734	96.86275	73.63834	58.23529
43.773	96.86275	73.63834	58.23529
43.813	96.86275	73.80044	58.2493
43.852	96.86275	73.99913	58.80952
43.89	96.86275	73.59129	58.11625
43.929	96.86275	73.478	57.66107
43.969	96.86275	73.6732	57.78011
44.007	96.86275	73.41699	57.77311
44.046	96.86275	73.13116	57.53501
44.085	96.86275	72.79303	56.73669
44.123	96.86275	72.70065	56.5056
44.162	96.86275	72.66579	56.62465
44.2	96.86275	72.78606	56.62465
44.239	96.86275	72.90283	56.63166
44.278	96.86275	72.84705	56.85574
44.317	96.86275	72.84531	57.08683
44.357	96.86275	72.92549	56.96078
44.395	96.86275	73.29848	57.29692
44.434	96.86275	74.05141	58.22829
44.472	96.86275	73.76383	57.66107
44.51	96.86275	73.79346	58.34734
44.549	96.86275	73.90849	57.9972
44.588	96.86275	73.9329	57.9972
44.626	96.86275	74.44881	59.03362
44.667	96.86275	74.19085	58.46638
44.706	96.86275	74.22048	58.57143
44.744	96.86275	74.48017	59.03362
44.783	96.86275	74.24837	58.34034
44.821	96.86275	74.36166	59.15266
44.861	96.86275	73.91024	58.13025
44.9	96.86275	72.63965	56.72269
44.938	96.86275	71.93028	55.93137
44.976	96.86275	71.34814	55.34314
45.015	96.86275	71.17386	55.56723
45.054	96.86275	70.65969	55.34314
45.092	96.86275	70.65969	55.34314
45.13	96.86275	70.31635	54.42577
45.169	96.86275	70.40174	54.88795
45.209	96.86275	70.06361	54.76891
45.247	96.86275	69.95033	54.77591
45.286	96.86275	69.74815	54.07563
45.324	96.86275	69.74117	54.41877
45.364	96.86275	69.46231	54.08263
45.403	96.86275	69.57211	54.20168
45.441	96.86275	69.65926	54.20168
45.48	96.86275	69.57909	54.20869
45.519	96.86275	69.75163	54.19468
45.558	96.86275	69.74641	54.42577
45.597	96.86275	69.72026	54.54482
45.635	96.86275	69.783	54.66386
45.674	96.86275	69.8597	54.54482
45.712	96.86275	70.06187	54.42577
45.751	96.86275	69.83181	54.07563
45.789	96.86275	70.28845	54.88095
45.828	96.86275	70.40524	55
45.869	96.86275	70.17342	54.65686
45.907	96.86275	70.28845	54.88795
45.945	96.86275	70.34597	54.7619
45.983	96.86275	70.57603	54.88095
46.021	96.86275	70.74858	55.22409
46.059	96.86275	70.43486	54.76891
46.098	96.86275	70.43311	54.42577
46.137	96.86275	70.40871	54.54482
46.175	96.86275	70.74858	54.88095
46.214	96.86275	70.94728	55.22409
46.253	96.86275	70.94728	55.22409
46.292	96.86275	71.0658	55.44818
46.33	96.86275	71.06231	55.57423
46.37	96.86275	70.83224	54.64986
46.409	96.86275	71.15469	55.34314
46.448	96.86275	71.2366	55.80532
46.487	96.86275	71.17735	55.45518
46.525	96.86275	71.28889	55.56723
46.565	96.86275	71.44053	55.58123
46.603	96.86275	71.66536	56.15546
46.642	96.86275	71.57996	55.68628
46.681	96.86275	71.40915	55.46218
46.719	96.86275	71.34989	55.34314
46.759	96.86275	71.66361	55.56723
46.797	96.86275	71.69673	56.04342
46.835	96.86275	71.92332	56.02941
46.875	96.86275	71.74728	55.56023
46.913	96.86275	72.04532	56.40056
46.952	96.86275	72.06274	55.56723
46.99	96.86275	71.78387	55.93137
47.028	96.86275	72.37996	56.61065
47.068	96.86275	72.18475	56.16246
47.106	96.86275	72.27364	56.85574
47.144	96.86275	72.67451	56.73669
47.182	96.86275	72.15512	56.26751
47.222	96.86275	72.32244	56.37955
47.259	96.86275	72.35555	56.61065
47.298	96.86275	72.49673	56.4916
47.336	96.86275	72.56122	56.7507
47.376	96.86275	72.58213	57.07283
47.416	96.86275	73.0475	56.39356
47.454	96.86275	72.84357	57.07283
47.493	96.86275	72.84357	57.07283
47.532	96.86275	72.90109	57.54902
47.572	96.86275	73.13464	57.20588
47.611	96.86275	72.81918	57.07983
47.65	96.86275	72.98824	56.84874
47.69	96.86275	72.98475	57.19188
47.729	96.86275	73.24967	57.54202
47.769	96.86275	73.30545	57.56303
47.808	96.86275	73.02135	57.31793
47.847	96.86275	73.27408	57.41597
47.888	96.86275	73.18519	57.30392
47.927	96.86275	73.59129	57.77311
47.966	96.86275	73.24793	57.42997
48.005	96.86275	73.50588	57.78011
48.045	96.86275	73.36122	57.66107
48.083	96.86275	73.53029	57.87815
48.122	96.86275	73.6488	58.24229
48.161	96.86275	73.56166	57.42997
48.199	96.86275	73.62092	57.89216
48.237	96.86275	73.87887	57.9972
48.276	96.86275	73.65054	57.66107
48.314	96.86275	73.59129	58.12325
48.353	96.86275	73.50588	57.66107
48.394	96.86275	73.53029	57.65406
48.432	96.86275	73.96427	58.22829
48.47	96.86275	73.75687	58.22829
48.509	96.86275	73.78824	58.10925
48.547	96.86275	73.61917	57.66807
48.586	96.86275	73.9329	58.24229
48.627	96.86275	74.31111	58.46638
48.666	96.86275	73.81786	57.89216
48.705	96.86275	74.05141	58.45938
48.744	96.86275	74.11068	57.89916
48.782	96.86275	73.76383	57.77311
48.82	96.86275	73.90675	58.0042
48.86	96.86275	73.87887	58.0042
48.9	96.86275	73.99216	58.69048
48.937	96.86275	74.0793	58.35434
48.977	96.86275	74.0793	58.69048
49.016	96.86275	74.30588	58.34734
49.054	96.86275	74.16122	58.34034
49.093	96.86275	74.13333	58.68347
49.132	96.86275	74.13333	58.68347
49.171	96.86275	74.10545	58.57843
49.209	96.86275	74.11068	58.34734
49.248	96.86275	74.22222	58.21428
49.288	96.86275	73.91024	57.9972
49.326	96.86275	74.19434	58.45238
49.365	96.86275	74.05141	58.01821
49.405	96.86275	74.16296	58.34734
49.444	96.86275	74.24837	58.34034
49.483	96.86275	74.27451	58.45938
49.521	96.86275	74.5098	58.80252
49.56	96.86275	74.33202	58.57843
49.6	96.86275	74.3634	58.80252
49.639	96.86275	74.71024	59.36975
49.677	96.86275	74.56558	58.91457
49.717	96.86275	74.65273	59.26471
49.755	96.86275	74.39129	58.70448
49.793	96.86275	74.59172	58.91457
49.832	96.86275	74.41917	58.68347
49.87	96.86275	74.47495	58.90756
49.911	96.86275	74.62135	59.26471
49.949	96.86275	74.39303	58.80952
49.987	96.86275	74.58997	58.80252
50.026	96.86275	74.70327	59.13866
50.066	96.86275	74.82005	59.25771
50.106	96.86275	74.84967	59.60784
