Time	I.max_1	I.total_1	I.back_1
0	90.19608	71.14771	62.24089
0.037	90.19608	71.38301	62.94118
0.078	90.19608	71.25925	62.47899
0.116	90.19608	71.12157	62.47199
0.154	90.19608	71.03965	62.48599
0.196	90.19608	71.37255	62.58403
0.234	90.19608	71.46318	62.70308
0.272	90.19608	71.46318	62.70308
0.311	90.19608	70.92113	62.2479
0.35	90.19608	71.38301	63.06723
0.39	90.19608	71.06405	62.59104
0.429	90.19608	71.20872	62.48599
0.467	90.19608	71.2976	62.94118
0.506	90.19608	71.06754	62.61205
0.545	90.19608	71.18432	62.72409
0.584	90.19608	70.97865	62.58403
0.622	90.19608	70.87407	62.5
0.661	90.19608	71.03791	62.2479
0.701	90.19608	71.3586	62.84314
0.741	90.19608	71.04488	62.82913
0.78	90.19608	70.75033	62.71009
0.82	90.19608	70.75904	62.14285
0.859	90.19608	71.41438	62.95518
0.897	90.19608	71.32375	62.59104
0.936	90.19608	70.90022	62.5
0.975	90.19608	70.69281	61.91177
1.014	90.19608	70.95076	62.2479
1.053	90.19608	71.12157	62.2549
1.092	90.19608	70.89324	61.67367
1.131	90.19608	71.1268	62.84314
1.17	90.19608	70.75207	62.13585
1.209	90.19608	70.75207	61.90476
1.249	90.19608	71.01003	62.59104
1.288	90.19608	71.03791	62.0168
1.327	90.19608	70.92287	62.71009
1.366	90.19608	70.8915	62.36695
1.404	90.19608	71.04139	62.03081
1.443	90.19608	71.15643	62.38095
1.481	90.19608	71.10065	63.07423
1.52	90.19608	70.98388	62.71709
1.558	90.19608	70.8061	62.2619
1.597	90.19608	70.70153	62.14986
1.637	90.19608	71.18606	62.493
1.675	90.19608	70.84618	62.26891
1.714	90.19608	70.84618	62.26891
1.754	90.19608	70.87407	62.85715
1.793	90.19608	70.87407	62.85715
1.832	90.19608	70.5586	62.03081
1.871	90.19608	71.36209	62.85014
1.91	90.19608	70.98737	62.72409
1.949	90.19608	70.92113	62.35294
1.988	90.19608	70.90544	62.38095
2.027	90.19608	70.6963	62.47899
2.066	90.19608	70.90196	61.91177
2.105	90.19608	70.90196	62.27591
2.144	90.19608	70.86885	62.15686
2.183	90.19608	70.70153	62.03081
2.222	90.19608	70.58823	61.92577
2.264	90.19608	71.04837	62.26891
2.302	90.19608	71.01176	62.493
2.341	90.19608	70.86536	62.14986
2.38	90.19608	70.95773	62.36695
2.418	90.19608	70.72941	62.04482
2.457	90.19608	71.10589	62.61205
2.496	90.19608	70.86536	62.60504
2.534	90.19608	70.83572	62.14285
2.574	90.19608	70.82178	62.38095
2.612	90.19608	70.35817	61.68768
2.651	90.19608	71.33072	63.17227
2.689	90.19608	70.90196	62.61905
2.728	90.19608	70.72418	62.2619
2.768	90.19608	70.278	62.39496
2.806	90.19608	70.52724	61.92577
2.845	90.19608	70.95599	62.12885
2.884	90.19608	70.90022	62.71709
2.923	90.19608	70.78344	62.02381
2.962	90.19608	70.64401	63.07423
3	90.19608	70.61438	62.61205
3.038	90.19608	71.01176	62.5
3.077	90.19608	70.64923	62.38795
3.117	90.19608	70.67538	62.27591
3.155	90.19608	70.33028	61.92577
3.194	90.19608	70.75904	62.73109
3.235	90.19608	70.77647	62.13585
3.274	90.19608	70.78693	62.37395
3.314	90.19608	70.78693	62.37395
3.353	90.19608	70.47495	61.91877
3.391	90.19608	70.43486	61.68068
3.43	90.19608	70.38257	62.2549
3.469	90.19608	70.63355	61.81372
3.508	90.19608	70.84618	62.38095
3.548	90.19608	70.50458	62.38795
3.587	90.19608	70.32331	61.44958
3.625	90.19608	70.44532	62.27591
3.664	90.19608	70.69804	62.2619
3.703	90.19608	70.50108	62.04482
3.742	90.19608	70.70675	62.39496
3.782	90.19608	70.46797	61.69468
3.821	90.19608	70.32854	62.14986
3.86	90.19608	70.58649	62.26891
3.899	90.19608	70.7817	62.82913
3.938	90.19608	70.50283	62.38795
3.976	90.19608	70.26928	61.92577
4.014	90.19608	70.53943	62.27591
4.053	90.19608	70.38954	62.39496
4.092	90.19608	70.52375	61.68768
4.131	90.19608	70.47843	62.40196
4.171	90.19608	70.04619	61.58964
4.21	90.19608	70.24662	62.14986
4.249	90.19608	70.47321	62.5
4.289	90.19608	70.55164	61.45658
4.328	90.19608	70.18736	61.81372
4.366	90.19608	69.90675	61.2395
4.405	90.19608	70.30762	61.81372
4.443	90.19608	70.47321	62.26891
4.482	90.19608	70.44706	61.81372
4.521	90.19608	70.18911	61.68768
4.56	90.19608	70.07931	61.81372
4.598	90.19608	69.81264	61.11344
4.637	90.19608	70.27625	62.14285
4.676	90.19608	70.50108	61.93277
4.714	90.19608	70.26754	62.14986
4.753	90.19608	70.27974	62.16386
4.839	90.19608	70.29543	62.13585
4.883	90.19608	70.50806	62.16386
4.926	90.19608	70.35643	61.57563
4.966	90.19608	70.18736	62.02381
5.005	90.19608	70.50108	62.26891
5.044	90.19608	70.50108	62.03081
5.083	90.19608	70.61612	62.03782
5.122	90.19608	70.6684	61.80672
5.161	90.19608	70.278	61.93277
5.199	90.19608	70.52724	62.5
5.238	90.19608	70.21176	61.12745
5.277	90.19608	70.33726	61.35854
5.316	90.19608	70.53246	62.38095
5.356	90.19608	70.10371	61.47759
5.396	90.19608	70.07059	61.57563
5.434	90.19608	70.30065	61.47059
5.473	90.19608	70.30065	61.47059
5.512	90.19608	69.87364	61.45658
5.551	83.92157	68.07843	59.96499
5.59	83.92157	65.37342	57.66107
5.629	77.25491	61.73246	55.02101
5.668	70.98039	57.6244	50.96638
5.707	64.70588	52.76514	46.79272
5.746	64.70588	50.06362	44.4888
5.785	64.70588	50.28323	43.45938
5.824	70.98039	52.84183	45.20308
5.865	77.25491	55.78736	47.14286
5.903	83.92157	57.8963	49.20868
5.942	83.92157	59.02396	49.68487
5.981	83.92157	59.74379	50.5112
6.019	83.92157	59.85882	50.5112
6.059	83.92157	59.70544	50.14706
6.098	83.92157	59.5939	49.81793
6.137	77.25491	59.19825	49.23669
6.176	77.25491	58.66144	49.13165
6.215	77.25491	58.01133	49.01961
6.253	77.25491	58.00436	48.90056
6.293	77.25491	57.57734	48.66947
6.332	70.98039	57.27233	49.01961
6.373	70.98039	57.12244	49.01961
6.411	70.98039	56.81743	48.55742
6.45	70.98039	56.7268	48.66947
6.488	70.98039	56.09586	48.43137
6.527	70.98039	55.8902	48.19328
6.565	70.98039	55.4318	47.96218
6.604	70.98039	55.34641	47.37395
6.642	70.98039	54.77124	47.60504
6.682	70.98039	54.56906	46.92577
6.72	77.25491	54.73987	47.03782
6.759	77.25491	54.92984	46.44258
6.798	77.25491	55.07625	47.38795
6.836	77.25491	55.58867	47.02381
6.876	77.25491	56.38344	47.85014
6.915	77.25491	56.89586	48.41036
6.954	83.92157	57.55991	48.9986
6.993	83.92157	57.55991	48.9986
7.032	83.92157	58.07582	48.76751
7.071	83.92157	59.02571	49.81092
7.109	83.92157	59.48933	50.16807
7.148	83.92157	60.061	50.61625
7.188	83.92157	60.03312	50.98039
7.227	83.92157	60.11329	50.7563
7.266	83.92157	60.02963	50.7493
7.306	77.25491	59.44749	49.70588
7.345	77.25491	59.30981	49.35574
7.385	77.25491	58.88628	49.35574
7.424	77.25491	58.40697	49.12465
7.463	77.25491	58.11939	48.78151
7.501	70.98039	57.46231	48.55742
7.54	70.98039	57.09629	48.34034
7.579	70.98039	56.37822	48.21428
7.618	70.98039	56.35207	47.62605
7.657	70.98039	56.35381	48.33333
7.696	70.98039	55.98954	47.7451
7.734	70.98039	55.58693	47.85714
7.773	70.98039	55.27669	47.62605
7.811	70.98039	55.0414	47.38795
7.85	70.98039	54.61961	47.38795
7.89	70.98039	53.77604	45.98039
7.93	70.98039	53.60523	46.08543
7.968	70.98039	53.20436	45.63726
8.007	70.98039	52.73028	45.27311
8.046	70.98039	52.58562	45.04902
8.084	70.98039	52.32418	44.34874
8.123	70.98039	52.98649	44.93697
8.161	70.98039	53.01612	44.71289
8.2	70.98039	53.21307	45.16106
8.24	70.98039	53.81438	45.5042
8.279	77.25491	54.53072	46.44258
8.318	77.25491	55.2732	46.54762
8.357	77.25491	55.87626	46.79272
8.397	77.25491	56.53856	47.38095
8.435	77.25491	57.0841	47.83613
8.474	77.25491	56.739	47.37395
8.513	77.25491	57.08758	47.96218
8.552	77.25491	57.08758	47.96218
8.591	77.25491	56.79652	47.60504
8.63	70.98039	56.54902	47.61905
8.669	70.98039	56.28933	47.73809
8.708	70.98039	55.60958	47.05182
8.746	70.98039	55.5817	47.28291
8.785	70.98039	55.37952	47.03782
8.824	70.98039	55.18257	46.92577
8.864	70.98039	55.01525	47.05182
8.904	70.98039	54.30065	46.23949
8.943	70.98039	54.91068	46.93277
8.981	70.98039	54.52898	46.56863
9.02	70.98039	54.06362	46.44958
9.059	70.98039	53.95382	46.69468
9.098	64.70588	53.31242	45.86835
9.136	64.70588	53.11373	45.39916
9.176	64.70588	52.55599	45.16106
9.215	64.70588	52.26144	44.68487
9.254	64.70588	51.92157	44.57283
9.292	64.70588	51.22788	43.43838
9.332	64.70588	51.36558	43.87955
9.37	64.70588	51.2854	43.66246
9.41	70.98039	51.46318	44.11765
9.449	70.98039	51.74553	43.77451
9.489	70.98039	51.9756	43.43838
9.527	70.98039	52.70066	44.01961
9.566	70.98039	53.21307	44.36274
9.604	70.98039	53.55991	44.69888
9.642	70.98039	54.10196	45.51821
9.681	70.98039	54.1647	45.15406
9.719	70.98039	54.68235	46.09944
9.758	70.98039	54.9403	46.34454
9.798	70.98039	54.74684	46.0014
9.841	70.98039	54.77298	46.12745
9.879	70.98039	54.60915	46.56863
9.919	70.98039	54.31982	45.89636
9.958	70.98039	53.89455	45.31513
9.996	70.98039	53.85796	45.51821
10.035	70.98039	53.75338	46.0014
10.074	64.70588	53.2915	46.11345
10.113	64.70588	53.2915	46.11345
10.152	70.98039	53.34727	45.42017
10.191	64.70588	53.22527	45.51821
10.231	64.70588	53.52505	45.86835
10.27	64.70588	53.26013	45.51821
10.309	64.70588	52.56296	44.69888
10.349	64.70588	52.61351	44.92297
10.387	64.70588	52.44619	45.05602
10.429	64.70588	52.03835	44.34874
10.468	64.70588	51.48932	43.08823
10.506	64.70588	50.85665	43.10224
10.545	64.70588	50.80958	42.9902
10.584	64.70588	50.56035	42.62605
10.622	64.70588	50.4	42.97619
10.661	64.70588	50.51155	42.7451
10.7	70.98039	50.86536	42.07983
10.739	70.98039	51.26449	42.87115
10.778	70.98039	51.66885	42.9902
10.817	70.98039	52.03835	43.67647
10.855	70.98039	52.35381	43.79552
10.894	70.98039	52.81743	43.79552
10.934	70.98039	53.12593	44.59384
10.972	70.98039	53.41874	44.35574
11.011	70.98039	53.62615	44.60084
11.051	70.98039	53.79869	45.18908
11.089	70.98039	53.39608	44.4958
11.128	70.98039	53.57037	45.28711
11.167	70.98039	53.37168	44.71289
11.205	70.98039	53.36296	44.93697
11.245	64.70588	52.73726	44.12465
11.283	64.70588	52.21089	44.0126
11.322	64.70588	52.39564	44.03361
11.362	64.70588	52.30501	43.55042
11.401	64.70588	52.27538	43.77451
11.441	64.70588	52.09761	43.78151
11.48	64.70588	52	43.88655
11.519	64.70588	51.84488	43.21428
11.557	64.70588	51.24009	42.7591
11.596	64.70588	51.46318	43.09524
11.634	64.70588	51.08671	43.31232
11.674	64.70588	50.55861	42.7451
11.713	64.70588	50.55861	42.7451
11.751	64.70588	50.3634	42.514
11.79	64.70588	50.24836	42.39496
11.829	64.70588	49.9329	41.71569
11.868	64.70588	49.9939	42.05882
11.907	64.70588	49.84575	41.84174
11.947	64.70588	50.11416	41.96078
11.987	64.70588	50.26231	41.96779
12.026	70.98039	50.88802	42.42297
12.065	64.70588	51.34815	42.64006
12.104	64.70588	51.55555	43.44538
12.143	70.98039	52.06623	43.54342
12.181	70.98039	52.3573	43.66246
12.22	70.98039	52.61351	43.78851
12.26	70.98039	52.73203	43.89356
12.299	70.98039	52.617	44.2437
12.338	70.98039	52.67276	44.11064
12.378	70.98039	52.59608	43.66947
12.416	70.98039	52.61002	44.21569
12.457	70.98039	52.36253	43.55742
12.495	64.70588	51.75076	42.98319
12.534	64.70588	51.75425	43.42437
12.572	64.70588	51.69847	42.96919
12.612	64.70588	51.69499	43.66947
12.65	64.70588	51.69499	43.08123
12.689	64.70588	51.14248	42.7521
12.727	64.70588	51.14422	42.86415
12.766	64.70588	51.03617	42.40897
12.805	64.70588	50.88802	42.7521
12.843	64.70588	50.80436	42.85014
12.881	64.70588	50.56732	42.64006
12.921	64.70588	50.25708	42.7451
12.961	64.70588	49.99564	42.06583
13	64.70588	50.19259	42.52101
13.038	64.70588	49.90501	42.05882
13.077	64.70588	49.75861	41.83474
13.115	64.70588	49.81786	42.05882
13.154	64.70588	49.99216	42.28291
13.193	64.70588	50.16645	42.07283
13.232	64.70588	50.60567	42.18487
13.272	64.70588	50.60567	42.18487
13.311	64.70588	50.13507	42.17787
13.35	64.70588	50.72592	42.30392
13.39	70.98039	51.09194	42.7521
13.429	70.98039	51.63921	43.32633
13.469	70.98039	51.89891	43.08823
13.508	70.98039	51.67059	43.09524
13.548	70.98039	51.72113	43.32633
13.586	64.70588	51.76471	43.09524
13.625	64.70588	51.58693	43.10925
13.664	70.98039	51.63747	42.64006
13.702	64.70588	51.63747	43.09524
13.741	64.70588	51.29412	42.7451
13.78	64.70588	51.01003	42.18487
13.819	64.70588	50.8671	42.19888
13.858	64.70588	50.9769	42.28291
13.897	64.70588	50.77124	42.52801
13.936	64.70588	50.63007	42.40897
13.976	64.70588	50.68933	42.41597
14.016	64.70588	50.7085	42.7451
14.054	64.70588	50.73987	42.29692
14.093	64.70588	50.13333	42.18487
14.131	64.70588	49.95904	42.05882
14.17	64.70588	49.9329	42.17787
14.21	64.70588	49.73769	42.06583
14.249	64.70588	49.64532	41.83474
14.289	64.70588	49.21656	41.26751
14.327	64.70588	49.49717	41.48459
14.366	64.70588	49.42048	41.38655
14.405	64.70588	49.76558	41.94678
14.443	64.70588	49.64357	41.38655
14.485	64.70588	49.73943	41.5056
14.523	64.70588	49.97298	41.5056
14.561	64.70588	50.08279	41.95378
14.6	70.98039	50.34074	42.18487
14.639	64.70588	50.71373	42.30392
14.677	64.70588	50.43835	41.73669
14.716	64.70588	50.88279	42.7451
14.755	64.70588	51.12157	43.08823
14.793	70.98039	50.92113	42.7591
14.833	64.70588	51.06405	42.41597
14.875	64.70588	50.75381	42.30392
14.913	64.70588	50.60044	41.83474
14.952	64.70588	50.60044	41.83474
14.993	64.70588	50.98039	43.20028
15.031	64.70588	50.98039	43.20028
15.07	64.70588	50.77822	42.07283
15.109	64.70588	50.60915	41.95378
15.149	64.70588	50.57255	41.84174
15.187	64.70588	50.22745	42.07283
15.226	64.70588	50.28671	42.85714
15.265	64.70588	49.99913	42.06583
15.305	64.70588	49.62266	41.83474
15.343	64.70588	49.58083	41.72969
15.382	64.70588	49.49368	41.60364
15.422	64.70588	49.5268	42.05182
15.461	64.70588	49.31939	41.71569
15.502	64.70588	48.89586	41.14846
15.54	64.70588	49.38911	41.4986
15.579	64.70588	49.09978	41.27451
15.618	64.70588	49.15556	41.16246
15.656	64.70588	49.32636	41.16246
15.695	64.70588	49.21307	41.72269
15.734	64.70588	49.6244	41.4986
15.773	64.70588	49.7342	41.61064
15.812	64.70588	49.94161	41.4986
15.855	64.70588	49.94161	41.61064
15.894	64.70588	50.0793	42.39496
15.932	64.70588	50.19957	42.06583
15.971	64.70588	50.27974	41.94678
16.011	64.70588	50.59346	42.40196
16.05	64.70588	50.54989	42.30392
16.09	64.70588	50.25011	41.83474
16.128	64.70588	50.51329	42.28992
16.167	64.70588	50.2902	41.83474
16.205	64.70588	50.53943	41.95378
16.243	64.70588	50.34423	41.94678
16.282	64.70588	49.96252	41.60364
16.322	64.70588	49.93813	41.71569
16.36	64.70588	49.79521	41.4916
16.4	64.70588	49.50066	41.60364
16.439	64.70588	49.70109	41.48459
16.477	64.70588	49.29673	41.4986
16.518	64.70588	49.52854	41.48459
16.556	64.70588	49.32811	41.37955
16.594	64.70588	49.27582	41.03642
16.633	64.70588	49.29673	41.2535
16.672	64.70588	48.95163	40.81232
16.711	64.70588	48.95163	40.81232
16.75	64.70588	49.06492	41.14146
16.789	64.70588	49.01089	41.14846
16.832	64.70588	49.32811	41.61765
16.871	64.70588	49.06667	40.93137
16.91	64.70588	48.95338	41.4916
16.949	64.70588	49.27582	41.27451
16.988	64.70588	49.01438	40.81232
17.029	64.70588	49.36122	41.26751
17.068	64.70588	49.55991	41.4916
17.107	64.70588	49.82658	41.61064
17.145	64.70588	49.74292	41.16246
17.184	64.70588	49.76906	41.61064
17.223	64.70588	49.70457	42.05882
17.262	64.70588	50.05316	41.61064
17.3	64.70588	50.0549	41.94678
17.341	64.70588	49.85621	41.61765
17.38	64.70588	49.87886	41.37255
17.418	64.70588	49.72549	42.39496
17.458	64.70588	49.61743	41.37955
17.497	64.70588	49.59826	41.14146
17.537	64.70588	49.7098	41.4916
17.575	64.70588	49.47102	41.37255
17.614	64.70588	49.81612	41.72269
17.654	64.70588	49.38736	41.4916
17.692	64.70588	49.11895	41.26051
17.731	64.70588	49.53377	41.37255
17.769	64.70588	49.2061	41.4916
17.807	64.70588	49.20784	41.02941
17.846	64.70588	49.03529	41.14146
17.885	64.70588	48.80697	40.91737
17.923	64.70588	48.89063	41.37255
17.963	64.70588	48.80523	40.92437
18.002	64.70588	48.63268	40.80532
18.042	64.70588	49.00915	41.38655
18.081	64.70588	48.65882	41.04342
18.119	64.70588	49.0963	40.91737
18.158	64.70588	49.68192	41.4916
18.197	64.70588	50.08453	41.94678
18.235	64.70588	51.26274	43.41737
18.274	64.70588	51.29063	43.19328
18.314	64.70588	51.54858	43.42437
18.353	64.70588	51.86928	43.76751
18.392	64.70588	51.86928	43.76751
18.431	64.70588	52.10981	44.11765
18.47	64.70588	52.47233	43.88655
18.509	70.98039	52.97255	44.47479
18.55	64.70588	52.77386	44.35574
18.59	70.98039	52.70763	43.9986
18.628	64.70588	52.97429	44.59384
18.667	64.70588	52.94641	44.95098
18.706	64.70588	53.11547	44.70588
18.745	64.70588	53.40131	45.28011
18.783	64.70588	53.1573	45.18908
18.822	64.70588	52.861	44.95098
18.861	64.70588	53.05795	45.17507
18.901	64.70588	53.26013	45.17507
18.939	70.98039	53.46057	45.52521
18.978	64.70588	53.11896	44.95098
19.016	64.70588	53.0353	45.19608
19.057	64.70588	53.2549	44.81793
19.095	64.70588	53.23747	45.42717
19.134	70.98039	53.20262	45.04902
19.173	64.70588	52.94641	45.18908
19.212	70.98039	53.29325	45.65826
19.251	64.70588	53.14684	44.94398
19.29	64.70588	53.11547	44.95798
19.328	64.70588	53.23399	45.30112
19.367	64.70588	53.08932	45.07003
19.406	70.98039	53.11373	44.70588
19.445	64.70588	53.14335	45.16807
19.483	64.70588	53.00392	45.07003
19.523	64.70588	53.25838	45.07003
19.563	70.98039	53.11896	45.07703
19.601	64.70588	53.20262	45.52521
19.64	64.70588	53.3159	45.76331
19.679	64.70588	53.05795	45.42017
19.717	64.70588	52.97255	45.16807
19.756	64.70588	53.1451	45.54622
19.794	64.70588	52.71808	45.07703
19.834	64.70588	53.11373	45.63726
19.876	64.70588	53.26013	45.9944
19.915	64.70588	52.85752	45.30112
19.953	64.70588	52.48104	44.60784
19.992	64.70588	52.48104	44.60784
20.031	64.70588	52.62571	44.73389
20.071	64.70588	52.97255	45.09103
20.111	70.98039	52.65708	44.4958
20.151	64.70588	52.68148	44.85294
20.19	64.70588	52.37647	45.08403
20.229	64.70588	52.62571	44.83894
20.267	64.70588	52.66056	44.61485
20.306	64.70588	52.68148	44.84594
20.345	64.70588	52.74597	45.42717
20.385	64.70588	52.63094	44.97899
20.424	64.70588	52.59608	44.5028
20.464	64.70588	52.8	44.84594
20.504	64.70588	52.7146	45.30812
20.542	64.70588	52.53856	44.61485
20.583	64.70588	52.54728	44.85994
20.622	64.70588	52.50719	45.07703
20.66	64.70588	52.70763	45.18207
20.699	64.70588	52.83311	45.55322
20.738	64.70588	52.74771	45.21008
20.777	64.70588	52.54031	45.09103
20.816	64.70588	52.54031	45.09103
20.855	64.70588	52.76863	45.42017
20.893	64.70588	52.60479	45.44118
20.931	64.70588	52.60131	44.73389
20.97	64.70588	52.28061	44.84594
21.009	64.70588	52.50893	45.19608
21.047	64.70588	52.4549	45.08403
21.088	64.70588	52.34161	44.61485
21.127	64.70588	52.42353	44.97899
21.165	64.70588	52.16558	44.39075
21.204	64.70588	52.13943	44.5098
21.242	64.70588	52.3939	45.20308
21.281	64.70588	52.48627	45.09103
21.32	64.70588	52.46013	45.32913
21.358	64.70588	52.22309	44.85294
21.398	64.70588	52.28061	44.86695
21.437	70.98039	52.24924	44.7409
21.476	64.70588	52.25272	44.7479
21.515	64.70588	52.39564	44.96498
21.554	64.70588	52.31372	44.97899
21.594	64.70588	52.16383	44.85294
21.633	64.70588	52.08366	44.85294
21.672	64.70588	52.40087	45.33613
21.712	64.70588	52.40087	45.33613
21.751	64.70588	52.31372	44.7409
21.789	64.70588	52.19521	44.27871
21.828	64.70588	51.98954	44.85294
21.867	64.70588	52.16558	44.61485
21.906	64.70588	52.22832	44.7549
21.945	64.70588	52.14118	44.63585
21.983	64.70588	51.91111	44.16667
22.023	64.70588	51.84837	44.5028
22.062	64.70588	52.19172	44.5028
22.102	64.70588	51.76297	44.39776
22.141	64.70588	52.19521	44.52381
22.18	64.70588	51.98954	44.5028
22.218	64.70588	51.87974	44.64286
22.257	64.70588	52.05054	44.7479
22.296	64.70588	51.96688	44.7479
22.336	64.70588	51.93377	44.39776
22.374	64.70588	51.90588	44.85294
22.414	64.70588	51.59216	43.93557
22.453	64.70588	51.70719	44.53081
22.491	64.70588	51.88322	44.7549
22.531	64.70588	51.85534	44.64286
22.569	64.70588	51.73856	44.29972
22.609	64.70588	51.93203	44.62185
22.649	64.70588	51.85186	44.63585
22.687	64.70588	51.65141	44.40476
22.726	64.70588	52.13769	44.97899
22.765	64.70588	51.63747	44.39075
22.803	64.70588	51.96514	44.39776
22.841	64.70588	51.93726	44.85294
22.88	64.70588	51.50153	44.05462
22.919	64.70588	51.69673	44.28572
22.958	64.70588	51.5817	44.03361
22.997	64.70588	51.70196	44.39776
23.035	64.70588	51.70719	44.04762
23.074	64.70588	51.59042	44.39776
23.114	64.70588	51.69847	44.39075
23.153	64.70588	51.85534	44.97899
23.191	64.70588	51.85534	44.97899
23.23	64.70588	51.5939	44.28572
23.27	64.70588	51.79085	44.7479
23.309	64.70588	51.41612	43.94258
23.348	64.70588	51.82222	44.63585
23.387	64.70588	51.76297	44.87395
23.426	64.70588	51.29586	43.92857
23.465	64.70588	51.30632	44.40476
23.504	64.70588	51.35861	44.63585
23.543	64.70588	51.64793	44.51681
23.583	64.70588	51.29412	44.27871
23.624	64.70588	51.32898	43.58543
23.662	64.70588	51.078	44.06162
23.701	64.70588	51.32723	44.40476
23.74	64.70588	51.59042	44.18067
23.778	64.70588	51.70022	44.62185
23.817	64.70588	51.29935	44.05462
23.856	64.70588	51.30283	44.05462
23.896	64.70588	51.21569	43.93557
23.934	64.70588	51.38823	44.28572
23.974	64.70588	51.59042	44.39776
24.013	64.70588	51.21569	44.05462
24.051	64.70588	51.32898	44.51681
24.09	64.70588	51.18954	44.06162
24.13	64.70588	51.44227	44.5098
24.168	64.70588	51.18606	44.17367
24.209	64.70588	51.21743	44.40476
24.248	64.70588	50.9281	44.27871
24.286	64.70588	51.04314	43.94258
24.325	64.70588	51.44575	44.27871
24.363	64.70588	51.44401	44.28572
24.402	64.70588	51.15991	44.41177
24.441	64.70588	51.24706	44.29272
24.48	64.70588	50.98562	44.06863
24.519	64.70588	51.41612	44.52381
24.559	64.70588	51.2732	44.40476
24.597	64.70588	50.98388	43.93557
24.637	64.70588	50.83747	43.92857
24.676	64.70588	51.03965	44.04762
24.714	64.70588	51.32898	44.28572
24.753	64.70588	51.30109	44.05462
24.792	64.70588	50.94902	43.81652
24.832	64.70588	50.94902	43.81652
24.87	64.70588	51.13028	44.41877
24.909	64.70588	51.04488	44.06162
24.948	64.70588	51.10065	43.82353
24.987	64.70588	50.84096	43.83053
25.026	64.70588	50.80784	44.28572
25.065	64.70588	51.21743	44.17367
25.103	64.70588	50.72418	43.59244
25.145	64.70588	51.35861	44.41177
25.184	64.70588	51.09891	44.18067
25.222	64.70588	50.89673	44.17367
25.261	64.70588	50.66666	43.94958
25.3	64.70588	50.98213	44.40476
25.339	64.70588	51.13377	44.41877
25.377	64.70588	50.90022	43.71149
25.416	64.70588	50.8427	44.06863
25.456	64.70588	50.83573	43.92857
25.495	64.70588	50.66143	43.58543
25.534	64.70588	50.98911	44.29272
25.573	64.70588	51.06928	44.16667
25.612	64.70588	50.67015	44.06863
25.652	64.70588	50.68933	43.94258
25.69	64.70588	50.87059	44.17367
25.729	64.70588	50.7573	43.95658
25.767	64.70588	50.8427	43.93557
25.807	64.70588	50.49586	43.59244
25.845	64.70588	50.72418	44.17367
25.884	64.70588	50.68933	44.16667
25.923	64.70588	50.89673	43.92857
25.962	64.70588	50.75032	44.28572
26.001	64.70588	50.40174	43.69048
26.039	64.70588	50.5464	43.57843
26.078	64.70588	50.78344	43.93557
26.117	64.70588	50.97865	44.28572
26.157	64.70588	50.83921	43.94258
26.196	64.70588	50.20828	43.71849
26.235	64.70588	50.583	43.94958
26.274	64.70588	50.46449	43.83053
26.313	64.70588	50.7573	44.06162
26.352	64.70588	50.54989	43.48039
26.391	64.70588	50.54989	43.48039
26.431	64.70588	49.91721	43.13025
26.47	64.70588	50.46623	43.82353
26.509	64.70588	50.32331	43.59244
26.548	64.70588	50.31982	43.48039
26.588	64.70588	50.55338	43.94958
26.627	64.70588	50.31982	43.59944
26.667	64.70588	50.55163	43.71149
26.706	64.70588	50.49586	43.84454
26.745	64.70588	50.583	44.06162
26.784	64.70588	50.31808	43.12325
26.823	64.70588	49.94684	43.23529
26.862	64.70588	50.43312	43.70448
26.9	64.70588	50.29194	43.59244
26.939	64.70588	50.8671	44.39776
26.978	64.70588	50.40697	43.94258
27.017	64.70588	49.6854	43.36134
27.056	64.70588	50.26231	43.58543
27.095	64.70588	50.17516	43.2423
27.133	64.70588	50.40871	43.70448
27.173	64.70588	50.4366	43.47339
27.212	64.70588	50.06362	43.36835
27.251	64.70588	50.37386	43.81652
27.289	64.70588	49.97473	43.2423
27.328	64.70588	50.38606	43.94958
27.367	64.70588	50.29542	43.71849
27.406	64.70588	50.40697	43.94958
27.444	64.70588	50.11939	43.12325
27.484	64.70588	50.12114	43.36134
27.522	64.70588	50.17865	43.57843
27.561	64.70588	50.20828	43.48039
27.6	64.70588	49.79869	42.54902
27.638	64.70588	50.22919	43.35434
27.68	64.70588	50.08976	43.48039
27.718	64.70588	50.0305	43.58543
27.757	64.70588	50.19957	43.58543
27.796	64.70588	50.11765	42.9972
27.834	64.70588	50.17865	43.82353
27.872	64.70588	49.8597	43.35434
27.912	64.70588	49.7098	43.35434
27.952	64.70588	50.14553	43.83053
27.992	64.70588	49.89455	43.60644
28.031	64.70588	49.89455	43.60644
28.07	64.70588	49.94336	43.0112
28.109	64.70588	49.91547	43.2423
28.148	64.70588	50.23442	43.35434
28.188	64.70588	50.03399	43.2423
28.227	64.70588	49.71329	43.58543
28.266	64.70588	49.722	43.36835
28.306	64.70588	49.661	43.36835
28.345	64.70588	49.60174	42.89216
28.384	64.70588	47.07974	40.53922
28.423	58.03922	43.89891	38.46639
28.461	58.03922	42.02353	35.7563
28.501	51.76471	42.02702	36.09944
28.54	58.03922	44.25795	37.514
28.579	64.70588	48.76863	40.4902
28.619	70.98039	52.72854	43.78151
28.658	77.25491	55.01873	45.04202
28.699	77.25491	55.99651	46.56162
28.737	77.25491	55.82571	46.56162
28.776	70.98039	54.96994	45.38515
28.815	70.98039	53.07538	44.34174
28.853	64.70588	51.38649	42.97619
28.892	64.70588	50.55163	42.29692
28.932	64.70588	49.68192	41.15546
28.97	64.70588	49.3037	41.48459
29.009	64.70588	49.47974	41.5056
29.047	64.70588	50.49411	42.64706
29.085	64.70588	50.52026	42.64706
29.124	64.70588	50.31982	42.52801
29.163	64.70588	50.40523	42.52801
29.203	64.70588	50.05839	42.65406
29.242	64.70588	49.03006	42.28291
29.281	58.03922	47.9268	41.36554
29.319	58.03922	46.99085	40.70028
29.358	58.03922	46.65446	39.67787
29.397	64.70588	46.17342	38.66947
29.435	64.70588	46.80959	39.45378
29.474	64.70588	48.01569	40.36415
29.513	64.70588	49.51808	41.06443
29.553	70.98039	51.1146	42.7451
29.592	70.98039	52.81569	43.66947
29.631	70.98039	52.81569	43.66947
29.67	70.98039	54.13508	44.82493
29.711	70.98039	54.82179	45.28011
29.75	70.98039	55.27669	45.97339
29.789	70.98039	55.28889	45.86835
29.827	70.98039	54.57255	45.16807
29.867	70.98039	53.51286	44.81092
29.906	70.98039	52.2841	43.64846
29.945	64.70588	51.64967	43.31232
29.984	64.70588	50.89499	42.86415
30.023	64.70588	50.19434	42.17787
30.061	64.70588	50.16645	42.64006
30.1	64.70588	49.5268	41.72969
30.139	64.70588	49.76732	42.29692
30.179	64.70588	49.84227	42.40897
30.219	64.70588	49.31242	42.26891
30.258	64.70588	48.81917	42.05182
30.296	64.70588	48.39564	41.37955
30.335	64.70588	48.33115	42.05182
30.374	64.70588	48.26144	40.58823
30.412	64.70588	48.23355	40.23809
30.451	64.70588	48.73551	40.35714
30.491	64.70588	49.56514	42.17787
30.53	70.98039	50.11591	41.96078
30.569	70.98039	51.85186	43.54342
30.607	70.98039	53.03878	43.90056
30.647	70.98039	54.38431	44.93697
30.685	70.98039	54.85141	45.40616
30.726	77.25491	55.73682	45.86835
30.764	77.25491	55.74205	46.56863
30.803	77.25491	55.62353	46.31652
30.842	70.98039	54.99782	45.85434
30.88	70.98039	54.40348	45.73529
30.919	70.98039	53.22004	44.69188
30.957	70.98039	52.59433	44.11064
30.996	64.70588	52.01569	44.0056
31.035	64.70588	51.15643	42.85714
31.073	64.70588	50.22048	42.62605
31.113	64.70588	50.02179	42.28291
31.152	64.70588	49.76035	41.60364
31.191	64.70588	49.76035	41.60364
31.231	64.70588	49.76035	41.93977
31.27	64.70588	49.48322	42.38795
31.309	64.70588	48.74422	40.93137
31.348	64.70588	48.94815	41.60364
31.387	64.70588	49.18693	41.37955
31.427	64.70588	49.41525	41.48459
31.465	64.70588	49.661	41.7437
31.504	70.98039	49.99913	42.07283
31.544	70.98039	50.97168	43.20028
31.582	70.98039	52.17604	43.56443
31.621	70.98039	53.44314	44.34874
31.661	70.98039	54.27277	45.15406
31.699	77.25491	54.90022	45.03502
31.741	77.25491	55.59216	46.55462
31.78	77.25491	56.02615	46.56162
31.818	77.25491	56.02615	46.68768
31.857	77.25491	55.79782	46.22549
31.896	70.98039	55.05534	46.08543
31.935	70.98039	54.68061	45.61625
31.973	70.98039	54.41046	45.61625
32.012	70.98039	53.16776	44.69888
32.052	70.98039	52.31198	44.12465
32.09	64.70588	51.95817	43.18628
32.129	64.70588	51.09542	43.08123
32.168	64.70588	51.03791	42.95518
32.206	64.70588	50.10719	42.38795
32.246	64.70588	49.8963	42.5
32.285	64.70588	49.32636	41.94678
32.323	64.70588	49.57909	42.15686
32.363	64.70588	49.70109	42.40196
32.402	64.70588	50.07407	42.64006
32.44	64.70588	50.31285	42.40196
32.479	70.98039	50.60218	42.7591
32.517	70.98039	51.23137	43.44538
32.557	70.98039	52.7268	44.01961
32.595	70.98039	53.13464	44.01961
32.634	70.98039	54.07233	44.70588
32.674	77.25491	54.75729	45.26611
32.713	77.25491	55.64793	46.55462
32.754	77.25491	56.16209	46.68067
32.792	77.25491	56.25621	47.2479
32.831	77.25491	56.22658	47.15686
32.87	77.25491	56.22658	47.15686
32.909	70.98039	56.00523	46.79272
32.948	77.25491	55.63225	46.44958
32.987	70.98039	55.06231	46.08543
33.026	70.98039	54.28497	45.63025
33.065	70.98039	53.59303	45.26611
33.104	70.98039	52.93595	44.34174
33.142	70.98039	52.42353	44.22269
33.181	64.70588	51.75774	43.65546
33.22	64.70588	51.2366	43.17927
33.26	64.70588	51.00305	43.30532
33.3	64.70588	50.4488	42.85714
33.339	64.70588	50.51329	42.64006
33.378	64.70588	50.86013	42.98319
33.416	64.70588	50.48889	42.98319
33.455	70.98039	50.74684	42.98319
33.494	70.98039	51.43181	43.54342
33.532	70.98039	51.77342	43.66947
33.572	70.98039	52.90457	43.90756
33.612	70.98039	53.30022	44.13165
33.65	70.98039	54.3024	45.03502
33.69	77.25491	54.8183	45.16807
33.729	77.25491	55.62179	46.56162
33.769	77.25491	56.36776	47.73109
33.807	77.25491	56.53334	47.47199
33.847	77.25491	56.65185	47.59804
33.885	77.25491	56.48976	47.26891
33.925	77.25491	56.20218	46.68768
33.963	70.98039	56.12027	47.03081
34.002	70.98039	55.37429	45.85434
34.041	70.98039	54.74335	45.85434
34.079	70.98039	54.62658	45.26611
34.118	70.98039	53.48322	44.92297
34.157	70.98039	52.78606	44.34174
34.196	70.98039	52.33638	44.12465
34.234	70.98039	52.27538	44.22969
34.276	70.98039	51.60959	43.66246
34.314	64.70588	51.58519	43.77451
34.353	70.98039	51.32375	43.32633
34.392	70.98039	51.23311	43.66246
34.43	70.98039	51.23311	43.66246
34.469	70.98039	51.37255	43.77451
34.508	70.98039	51.95294	44.34874
34.547	70.98039	52.26318	43.78851
34.587	70.98039	52.8122	43.90056
34.626	70.98039	53.67495	44.69888
34.665	70.98039	54.27277	45.26611
34.704	77.25491	55.13203	46.42857
34.743	77.25491	55.38998	46.54062
34.783	77.25491	56.1987	47.507
34.822	77.25491	56.30676	47.26191
34.86	77.25491	56.39739	47.5
34.9	77.25491	56.66057	47.5
34.939	77.25491	56.3695	46.91177
34.977	77.25491	55.88323	46.68768
35.016	77.25491	55.94249	46.56162
35.054	70.98039	55.57124	46.33053
35.092	70.98039	55.05882	45.85434
35.131	70.98039	54.25708	45.16106
35.17	70.98039	53.81961	45.14706
35.209	70.98039	53.1085	44.80392
35.247	70.98039	53.07015	44.33474
35.287	70.98039	52.72854	44.56583
35.325	70.98039	52.21089	44.44678
35.364	70.98039	51.89542	44.11765
35.403	70.98039	51.95294	44.11765
35.441	70.98039	52.15337	44.22969
35.48	70.98039	52.69368	44.57983
35.519	70.98039	52.60828	43.90056
35.557	70.98039	53.10327	44.46779
35.597	70.98039	53.78649	44.80392
35.635	70.98039	54.24488	45.85434
35.673	70.98039	54.84618	45.97339
35.713	77.25491	55.33595	46.44258
35.752	77.25491	55.62004	46.33053
35.791	77.25491	56.21786	47.02381
35.831	77.25491	56.62048	47.37395
35.871	77.25491	56.62048	47.37395
35.909	77.25491	56.42004	47.2479
35.948	77.25491	56.3329	46.90476
35.987	77.25491	56.25795	47.13585
36.026	77.25491	55.96689	47.02381
36.064	77.25491	55.85534	46.33053
36.103	70.98039	55.68279	46.08543
36.143	70.98039	54.97516	45.87535
36.181	70.98039	54.41917	45.2591
36.22	70.98039	53.9573	45.2591
36.258	70.98039	53.73595	44.90897
36.299	70.98039	53.18867	44.91597
36.337	70.98039	52.69717	44.45378
36.376	70.98039	52.52462	44.45378
36.414	70.98039	52.23878	44.33474
36.454	70.98039	52.55251	44.35574
36.492	70.98039	52.64314	44.34874
36.53	70.98039	52.92549	44.01961
36.569	70.98039	53.18693	44.35574
36.609	70.98039	53.46754	44.69188
36.647	70.98039	54.09499	45.02801
36.685	70.98039	54.46972	45.15406
36.725	77.25491	54.82004	45.96639
36.764	77.25491	55.47712	46.31652
36.804	77.25491	55.58693	46.07843
36.842	77.25491	56.0488	46.89776
36.88	77.25491	56.25098	47.36695
36.919	77.25491	55.99477	46.44958
36.957	77.25491	56.16383	46.91177
36.995	77.25491	56.05229	47.02381
37.034	77.25491	56.02789	46.91177
37.074	70.98039	55.73856	46.55462
37.112	70.98039	55.19651	46.33053
37.151	70.98039	55.19651	46.33053
37.19	70.98039	54.74161	45.73529
37.228	70.98039	54.65621	45.9874
37.267	70.98039	54.25185	45.5112
37.308	70.98039	53.87887	44.92297
37.346	70.98039	53.27059	44.69188
37.386	70.98039	53.10501	44.81092
37.425	70.98039	52.98998	44.57283
37.463	70.98039	53.01438	44.57983
37.502	70.98039	53.18518	44.46779
37.541	70.98039	53.03704	44.81092
37.579	70.98039	53.12941	44.2437
37.619	70.98039	53.43966	44.69188
37.657	70.98039	54.33202	45.97339
37.697	70.98039	54.56209	45.61625
37.737	77.25491	54.75729	45.96639
37.776	77.25491	54.98911	45.96639
37.816	77.25491	55.18605	46.31652
37.854	77.25491	55.73508	46.78572
37.893	77.25491	55.73159	46.67367
37.931	77.25491	55.59041	46.43557
37.969	77.25491	55.70719	46.54762
38.009	77.25491	55.65142	46.56162
38.048	77.25491	55.8536	47.26191
38.086	77.25491	55.62527	46.43557
38.124	77.25491	54.93856	45.63025
38.163	70.98039	54.93856	46.08543
38.201	70.98039	54.73813	45.62325
38.24	70.98039	54.51329	45.86835
38.278	70.98039	54.1926	45.15406
38.319	70.98039	53.64357	45.26611
38.358	70.98039	53.47102	44.80392
38.396	70.98039	53.38388	44.45378
38.434	70.98039	53.35425	44.57283
38.473	70.98039	53.30196	44.57983
38.512	70.98039	53.24619	44.81793
38.55	70.98039	53.24619	44.81793
38.59	70.98039	53.87364	44.91597
38.63	70.98039	53.87364	44.91597
38.669	70.98039	54.30588	45.62325
38.708	77.25491	54.44009	45.27311
38.747	77.25491	54.38954	45.97339
38.786	77.25491	54.93682	46.08543
38.826	77.25491	55.0135	46.07843
38.865	77.25491	55.33246	46.43557
38.903	77.25491	55.38824	46.20448
38.943	77.25491	55.30632	46.44258
38.982	77.25491	55.47887	46.31652
39.02	77.25491	55.58867	46.30952
39.059	77.25491	55.59564	46.44958
39.097	77.25491	55.65316	46.43557
39.136	70.98039	54.95948	45.62325
39.174	70.98039	54.79564	45.62325
39.213	70.98039	54.48017	45.5112
39.253	70.98039	54.65447	45.7493
39.291	70.98039	54.19434	44.70588
39.331	70.98039	53.96427	45.03502
39.369	70.98039	53.84052	44.91597
39.408	70.98039	53.9939	45.03502
39.446	70.98039	53.73246	45.27311
39.485	70.98039	53.69586	44.57283
39.523	70.98039	53.35773	44.91597
39.562	70.98039	53.75686	44.92297
39.601	70.98039	54.08104	45.16106
39.64	70.98039	54.27626	45.63025
39.68	70.98039	54.18388	45.03502
39.719	77.25491	54.3268	44.92297
39.758	77.25491	54.38431	45.14706
39.797	77.25491	54.64749	45.38515
39.837	77.25491	54.87756	46.09244
39.875	77.25491	54.98213	45.37815
39.915	77.25491	55.04314	45.72129
39.953	77.25491	54.79042	45.84034
39.992	77.25491	55.2488	45.97339
40.03	77.25491	55.2488	45.97339
40.069	77.25491	55.30283	45.96639
40.108	77.25491	54.87756	45.72829
40.147	70.98039	54.55686	45.37815
40.185	77.25491	54.64749	45.61625
40.225	70.98039	54.59172	45.27311
40.264	70.98039	54.39129	45.39916
40.303	70.98039	54.30414	45.5042
40.343	70.98039	53.67146	44.58683
40.381	70.98039	53.76558	45.16807
40.42	70.98039	53.81612	44.80392
40.458	70.98039	53.81786	44.91597
40.498	70.98039	54.21351	45.37815
40.538	70.98039	53.69586	44.57983
40.576	70.98039	53.64183	44.35574
40.614	70.98039	53.81612	44.69188
40.654	70.98039	53.87016	44.80392
40.693	70.98039	54.07581	45.04202
40.731	70.98039	54.13159	45.05602
40.77	77.25491	54.33028	45.61625
40.809	70.98039	54.46797	45.14006
40.85	70.98039	54.7939	45.7493
40.888	70.98039	54.52549	45.37815
40.927	70.98039	54.73115	45.72829
40.965	70.98039	54.61787	45.38515
41.004	70.98039	54.73464	45.62325
41.042	70.98039	54.75904	45.5042
41.08	70.98039	54.53072	44.91597
41.119	70.98039	54.50457	45.85434
41.158	70.98039	54.24314	45.28011
41.196	70.98039	54.10371	45.27311
41.235	70.98039	54.47843	45.26611
41.273	70.98039	54.33551	45.27311
41.311	70.98039	53.61046	44.57983
41.352	70.98039	53.92767	45.03502
41.391	70.98039	53.78824	44.93697
41.429	70.98039	53.78824	44.93697
41.468	70.98039	53.93464	45.2591
41.507	70.98039	54.07581	45.39916
41.546	70.98039	53.79172	44.59384
41.585	70.98039	53.90152	44.80392
41.623	70.98039	53.8719	44.69188
41.663	70.98039	53.69761	44.92997
41.701	70.98039	53.72375	44.46078
41.74	70.98039	54.24488	45.27311
41.78	70.98039	54.10196	45.04202
41.819	70.98039	53.82135	44.35574
41.86	70.98039	53.95555	44.68487
41.899	70.98039	53.9573	44.69188
41.939	70.98039	53.86841	44.57983
41.978	70.98039	53.78824	44.92997
42.016	70.98039	53.84227	44.58683
42.054	70.98039	54.0427	44.59384
42.094	70.98039	53.75686	44.92297
42.132	70.98039	53.84227	44.80392
42.171	70.98039	53.64532	44.69888
42.209	70.98039	53.45883	44.57283
42.248	70.98039	53.55294	44.69188
42.286	70.98039	53.44314	44.59384
42.325	70.98039	53.49542	44.23669
42.365	70.98039	53.47277	44.46779
42.404	70.98039	53.55294	44.58683
42.443	70.98039	53.23573	44.34874
42.481	70.98039	53.64357	44.46078
42.519	70.98039	53.29673	44.46078
42.558	70.98039	53.21133	44.12465
42.597	70.98039	53.46928	44.57983
42.635	70.98039	53.72723	44.91597
42.675	77.25491	53.99041	44.47479
42.714	70.98039	53.81786	45.03502
42.752	70.98039	54.38431	45.14706
42.792	70.98039	53.75512	44.80392
42.831	70.98039	53.84401	44.47479
42.871	70.98039	53.92767	45.04202
42.91	70.98039	53.92767	44.69188
42.949	70.98039	53.92767	44.69188
42.988	70.98039	53.9573	45.04202
43.027	70.98039	53.64009	44.34874
43.066	70.98039	53.46754	44.47479
43.105	70.98039	53.59129	44.57983
43.143	70.98039	53.47625	44.2577
43.182	70.98039	53.49542	44.35574
43.221	70.98039	53.12418	44.57983
43.259	70.98039	53.2427	44.69888
43.298	70.98039	53.0353	44.23669
43.338	70.98039	53.01263	44.35574
43.378	70.98039	53.44139	44.46078
43.416	70.98039	53.18693	44.2437
43.455	70.98039	53.41176	44.57983
43.493	70.98039	53.32636	44.35574
43.532	70.98039	53.1573	44.35574
43.57	70.98039	54.0427	44.92997
43.609	70.98039	53.61569	45.05602
43.648	70.98039	53.29673	44.35574
43.688	70.98039	53.38388	44.34874
43.726	70.98039	53.49542	44.92997
43.765	70.98039	53.6366	44.92297
43.804	70.98039	53.64357	44.93697
43.842	70.98039	53.73246	45.28011
43.882	70.98039	53.64009	44.80392
43.921	70.98039	53.26884	44.34874
43.96	70.98039	53.72549	45.04902
43.998	70.98039	53.55468	44.93697
44.037	70.98039	53.21133	45.05602
44.075	70.98039	52.89237	44.0126
44.114	70.98039	53.12593	44.71289
44.152	70.98039	53.04575	44.57983
44.192	70.98039	52.97603	44.23669
44.231	70.98039	52.77386	44.34874
44.271	70.98039	52.77386	44.34874
44.309	70.98039	52.78432	44.12465
44.348	70.98039	52.78083	44.12465
44.389	70.98039	53.1573	44.12465
44.427	70.98039	53.21656	44.2437
44.466	70.98039	52.95338	44.35574
44.505	70.98039	52.61177	43.67647
44.543	70.98039	52.80871	44.35574
44.583	70.98039	53.24444	44.36975
44.622	70.98039	53.6122	45.39216
44.66	70.98039	53.30022	44.70588
44.7	70.98039	53.38562	44.58683
44.739	70.98039	53.70109	44.82493
44.777	70.98039	53.64532	44.69888
44.817	70.98039	53.41699	44.82493
44.855	70.98039	53.34902	44.35574
44.897	70.98039	53.27059	44.69188
44.935	70.98039	53.03704	44.12465
44.974	70.98039	53.43616	44.57983
45.012	70.98039	53.29499	44.35574
45.05	70.98039	52.78606	44.13165
45.089	70.98039	52.60654	44.13165
45.127	70.98039	52.86623	44.70588
45.166	70.98039	52.91677	44.23669
45.204	70.98039	53.04227	44.34874
45.244	70.98039	52.71808	44.47479
45.282	70.98039	52.73028	43.66947
45.321	70.98039	52.85577	44.57283
45.359	70.98039	52.86623	44.35574
45.399	70.98039	52.60828	44.2437
45.438	70.98039	52.83834	44.57983
45.476	70.98039	52.8976	44.2437
45.514	70.98039	52.66405	44.12465
45.554	70.98039	53.10152	44.59384
45.593	70.98039	53.07015	44.2507
45.631	70.98039	53.43966	45.04202
45.67	70.98039	53.47102	45.04902
45.71	70.98039	53.47102	45.04902
45.748	70.98039	53.52157	44.93697
45.787	70.98039	53.81438	44.92997
45.827	70.98039	54.04445	45.97339
45.867	70.98039	54.13333	46.10644
45.907	70.98039	54.07581	45.87535
45.946	70.98039	54.05316	45.76331
45.984	70.98039	54.5098	45.7563
46.023	70.98039	54.42266	45.9944
46.062	77.25491	54.75904	46.56162
46.1	70.98039	54.70676	46.10644
46.139	70.98039	54.96471	46.92577
46.178	77.25491	55.22789	46.81372
46.217	70.98039	55.62527	46.56863
46.255	77.25491	55.48061	46.56863
46.294	77.25491	55.36209	46.33053
46.333	77.25491	55.57124	46.56863
46.371	77.25491	55.44924	47.03081
46.411	70.98039	55.31155	46.80672
46.45	77.25491	55.9756	47.26891
46.489	77.25491	55.80131	47.15686
46.528	77.25491	55.83791	46.95378
46.566	77.25491	56.16906	47.62605
46.605	77.25491	55.82745	47.39496
46.643	77.25491	56.45839	47.61205
46.682	77.25491	56.2841	47.61205
46.721	77.25491	56.53508	47.85714
46.76	77.25491	56.77734	47.73809
46.799	77.25491	56.25446	47.507
46.838	77.25491	56.59608	48.08123
46.877	77.25491	56.71634	47.63305
46.917	77.25491	56.93769	48.20028
46.955	77.25491	56.99172	47.86415
46.994	77.25491	56.74597	48.09524
47.032	77.25491	56.91155	47.62605
47.07	77.25491	56.94292	47.73109
47.11	77.25491	56.94292	47.73109
47.149	77.25491	57.22353	48.19328
47.188	77.25491	57.25316	48.19328
47.226	77.25491	57.11721	47.85014
47.265	77.25491	57.22702	47.96218
47.304	77.25491	57.26187	48.20028
47.342	77.25491	57.54248	48.20028
47.382	77.25491	57.62963	48.43838
47.423	77.25491	57.25316	48.08823
47.462	77.25491	57.23399	47.96919
47.501	77.25491	57.48671	48.43838
47.539	77.25491	57.77255	48.66947
47.578	77.25491	57.71329	48.08823
47.617	77.25491	57.46231	48.44538
47.655	77.25491	57.43268	48.33333
47.695	77.25491	57.77255	48.55042
47.735	77.25491	57.68366	48.20028
47.774	77.25491	57.71155	48.55742
47.812	77.25491	57.65577	48.09524
47.852	77.25491	57.62614	48.20028
47.89	77.25491	57.71155	48.20728
47.93	77.25491	57.80044	48.55742
47.969	77.25491	57.85447	48.31933
48.007	77.25491	57.79869	48.55742
48.046	77.25491	57.74118	48.44538
48.085	77.25491	57.82658	48.20728
48.124	77.25491	57.9451	48.90756
48.162	77.25491	57.99738	48.78851
48.201	77.25491	57.85621	48.44538
48.24	77.25491	58.08105	48.77451
48.278	77.25491	57.8841	48.78851
48.317	77.25491	58.08279	48.55742
48.356	77.25491	57.88758	48.66947
48.394	77.25491	58.02527	48.67647
48.435	77.25491	58.17168	48.91457
48.473	77.25491	58.02353	48.55042
48.511	77.25491	58.19782	48.90756
48.55	77.25491	57.91024	48.90056
48.589	77.25491	57.91024	48.90056
48.628	77.25491	58.08105	49.0056
48.667	77.25491	57.88235	48.66947
48.706	77.25491	58.13856	48.66947
48.746	77.25491	58.02179	48.89356
48.785	77.25491	58.22745	49.13866
48.824	77.25491	58.0549	48.55742
48.863	77.25491	58.28497	48.79552
48.902	77.25491	58.00087	48.55742
48.942	77.25491	58.27974	49.12465
48.982	77.25491	58.16122	48.66246
49.02	77.25491	58.16819	48.55742
49.059	77.25491	58.22571	49.69888
49.097	77.25491	58.34597	49.2577
49.136	77.25491	58.28148	48.55742
49.175	77.25491	58.43311	49.60084
49.213	77.25491	58.14031	48.90756
49.251	77.25491	58.25359	48.78151
49.291	77.25491	58.19608	49.35574
49.33	77.25491	58.37037	49.59384
49.368	77.25491	58.28497	48.90756
49.406	77.25491	58.13682	48.78851
49.447	77.25491	58.53595	49.46078
49.485	77.25491	58.19434	49.34874
49.524	77.25491	58.48889	49.95098
49.562	77.25491	58.28671	49.14566
49.601	77.25491	58.08627	48.79552
49.64	77.25491	58.30937	49.57283
49.68	77.25491	58.42614	49.2507
49.718	77.25491	58.30937	49.34174
49.757	77.25491	58.34422	49.2577
49.796	77.25491	58.0793	48.66947
49.835	77.25491	58.4244	49.13165
49.875	77.25491	58.27974	49.11765
49.914	77.25491	58.25359	48.78151
49.954	77.25491	58.23094	49.01961
49.993	77.25491	58.39303	49.12465
50.031	77.25491	58.3634	49.34174
50.069	77.25491	58.3634	49.34174
50.108	77.25491	58.5098	49.69888
50.147	77.25491	58.21874	49.57283
50.185	77.25491	58.05316	49.0126
50.226	77.25491	58.42963	49.70588
50.265	77.25491	58.64924	49.69888
50.304	77.25491	58.47669	49.11765
50.343	77.25491	58.42266	49.57983
50.381	77.25491	58.25359	49.70588
50.42	77.25491	58.33725	49.36274
50.46	77.25491	58.34248	49.2437
50.499	77.25491	58.25708	48.90056
50.538	77.25491	58.14031	48.78151
50.577	77.25491	58.25011	48.90056
50.616	77.25491	58.18911	50.03502
50.654	77.25491	58.39826	49.13866
50.693	77.25491	58.16645	49.12465
50.731	77.25491	58.4488	49.80392
50.771	77.25491	58.4854	49.81793
50.809	77.25491	58.41917	49.0126
50.848	77.25491	58.37037	49.70588
50.888	77.25491	58.45752	49.93697
50.926	77.25491	58.4244	49.69188
50.966	77.25491	58.42963	49.60084
51.005	77.25491	58.39651	49.80392
51.043	77.25491	58.57604	50.06303
51.081	77.25491	58.08453	49.0126
51.12	77.25491	58.60218	49.71289
51.158	77.25491	58.54118	49.59384
51.198	77.25491	58.56906	50.16106
51.236	77.25491	58.48366	49.36975
51.274	77.25491	58.45403	50.16807
51.313	77.25491	58.22222	49.57283
51.352	77.25491	58.16645	48.89356
51.39	77.25491	58.16471	49.57983
51.429	77.25491	58.16471	49.57983
51.469	77.25491	58.0305	48.90756
51.508	77.25491	58.0305	48.90756
51.547	77.25491	58.34074	49.2437
51.586	77.25491	58.42614	49.70588
51.625	77.25491	58.25708	49.37675
51.663	77.25491	58.57081	49.60084
51.702	77.25491	57.94161	49.46779
51.741	77.25491	58.30937	49.46779
51.781	77.25491	58.53421	50.14706
51.821	77.25491	58.39303	50.14706
51.86	77.25491	58.30763	49.57983
51.899	77.25491	57.48323	49.0056
51.938	77.25491	58.42266	49.68487
51.978	77.25491	58.44706	49.46078
52.018	77.25491	58.31111	50.04902
52.057	77.25491	58.30763	49.80392
52.095	77.25491	58.10196	49.62885
52.135	77.25491	58.46101	49.83894
52.174	77.25491	58.39651	49.36975
52.212	77.25491	58.45055	49.80392
52.25	77.25491	58.11242	49.2507
52.289	77.25491	58.02702	49.35574
52.328	77.25491	58.14379	49.35574
52.366	77.25491	58.14554	49.01961
52.404	77.25491	58.50806	49.70588
52.444	77.25491	58.34422	49.59384
52.484	77.25491	58.17168	49.94398
52.522	77.25491	58.31285	49.48179
52.561	77.25491	58.20131	49.58683
52.599	77.25491	58.3146	49.58683
52.638	77.25491	58.65795	50.16807
52.676	77.25491	58.14728	49.95098
52.714	77.25491	58.16993	49.35574
52.754	77.25491	58.19782	49.01961
52.793	77.25491	58.31983	49.95798
52.831	77.25491	58.48366	49.48179
52.87	77.25491	58.16993	49.48179
52.91	77.25491	58.2292	49.93697
52.948	77.25491	58.2292	49.93697
52.988	77.25491	57.9939	48.90056
53.027	77.25491	58.33551	49.92997
53.067	77.25491	58.19085	49.46078
53.105	77.25491	58.16819	49.92997
53.144	77.25491	57.86493	48.78851
53.183	77.25491	58.11416	49.37675
53.222	77.25491	58.25708	49.81793
53.26	77.25491	58.2292	49.14566
53.299	77.25491	57.83355	49.02661
53.338	77.25491	57.86666	48.92157
53.377	77.25491	58.20131	49.36274
53.416	77.25491	58.23617	49.95798
53.454	77.25491	57.91895	49.83193
53.495	77.25491	58.08105	49.70588
53.533	77.25491	58.20131	49.70588
53.571	77.25491	57.8841	49.81793
53.61	77.25491	57.85447	49.36274
53.649	77.25491	57.8597	49.01961
53.688	77.25491	57.91372	49.46078
53.727	77.25491	58.19434	49.46779
53.765	77.25491	58.0549	49.81793
53.804	77.25491	58.19782	50.39916
53.843	77.25491	57.91198	49.01961
53.881	77.25491	57.77604	49.01961
53.92	77.25491	58.48366	49.92297
53.96	77.25491	57.68366	48.54342
54.001	77.25491	58.02702	49.2437
54.039	77.25491	57.97299	48.67647
54.078	77.25491	57.90675	49.35574
54.117	77.25491	57.7098	49.12465
54.155	77.25491	57.91024	49.35574
54.194	77.25491	58.17168	49.92997
54.233	77.25491	57.9207	49.37675
54.271	77.25491	57.68715	49.59384
54.311	77.25491	58.02179	49.92297
54.35	77.25491	57.93464	49.69888
54.388	77.25491	57.93464	49.69888
54.427	77.25491	57.80044	49.2437
54.466	77.25491	58.06362	49.96498
54.506	77.25491	57.77777	49.60084
54.545	77.25491	57.77429	49.26471
54.583	77.25491	57.76732	49.13866
54.623	77.25491	58.03225	50.06303
54.662	77.25491	57.47974	48.88655
54.701	77.25491	57.62266	48.88655
54.739	77.25491	58.23268	49.82493
54.778	77.25491	58.11242	50.04902
54.817	77.25491	57.91198	49.58683
54.856	77.25491	58.01307	49.96498
54.894	77.25491	57.77081	49.92997
54.935	77.25491	57.80741	49.4888
54.973	77.25491	57.73943	48.88655
55.013	77.25491	57.9695	49.58683
55.052	77.25491	57.63835	49.15266
55.09	77.25491	58.17516	50.04202
55.129	77.25491	58.19608	50.04902
55.168	77.25491	57.99564	49.46779
55.206	77.25491	57.82135	49.57983
55.245	77.25491	57.76906	49.69888
55.284	77.25491	57.81961	49.45378
55.322	77.25491	58.28323	49.94398
55.36	77.25491	57.85272	48.89356
55.399	77.25491	57.96601	49.57283
55.437	77.25491	57.85795	49.81793
55.475	77.25491	57.68366	49.46779
55.516	77.25491	57.79173	49.22969
55.555	77.25491	58.02353	50.04902
55.593	77.25491	58.19957	50.27311
55.632	77.25491	57.86318	49.81793
55.671	77.25491	58.0549	49.46779
55.709	77.25491	58.0549	49.46779
55.749	77.25491	57.94859	49.71289
55.788	77.25491	58.06362	49.70588
55.828	77.25491	57.91372	49.80392
55.867	77.25491	57.85621	49.71989
55.906	77.25491	57.88584	49.46779
55.946	77.25491	58.22745	49.92297
55.986	77.25491	57.77255	49.2577
56.026	77.25491	57.77081	48.78151
56.065	77.25491	57.79695	49.23669
56.104	77.25491	57.48323	48.44538
56.143	77.25491	58.08802	49.70588
56.182	77.25491	58.0305	50.04902
56.221	77.25491	57.99738	49.69188
56.26	77.25491	58.08976	49.93697
56.298	77.25491	57.94161	50.04202
56.337	77.25491	58.00087	49.81793
56.375	77.25491	58.13856	50.28011
56.414	77.25491	57.82658	49.81793
56.452	77.25491	57.77429	49.35574
56.491	77.25491	58.02876	50.5042
56.532	77.25491	57.93464	50.04202
56.571	77.25491	57.48497	49.34874
56.609	77.25491	58.02527	49.46779
56.648	77.25491	57.91198	49.47479
56.686	77.25491	57.74118	49.70588
56.725	77.25491	58.15948	50.14006
56.763	77.25491	58.34771	50.74229
56.802	77.25491	58.05839	49.58683
56.842	77.25491	58.28846	50.40617
56.881	77.25491	58.13508	50.14006
56.919	77.25491	58.2292	49.83193
56.959	77.25491	58.02179	50.03502
56.997	77.25491	58.10022	49.90897
57.037	77.25491	58.19608	50.03502
57.076	77.25491	58.19957	50.16106
57.114	77.25491	58.22745	50.05602
57.153	77.25491	57.97473	50.39916
57.192	77.25491	58.28323	50.63025
57.231	77.25491	58.25882	50.28712
57.269	77.25491	58.25882	50.28712
57.308	77.25491	57.9939	49.69188
57.346	77.25491	58.278	50.14006
57.385	77.25491	58.05142	49.69188
57.424	77.25491	57.85098	49.92297
57.464	77.25491	58.22571	50.04202
57.502	77.25491	58.25011	50.03502
57.542	77.25491	58.10893	49.93697
57.581	77.25491	57.96601	49.71289
57.62	77.25491	57.91024	49.81793
57.658	77.25491	58.25534	50.27311
57.698	77.25491	58.25011	50.38515
57.737	77.25491	58.30937	50.16807
57.776	77.25491	57.97124	50.16807
57.815	77.25491	58.05665	50.27311
57.855	77.25491	58.25185	50.27311
57.893	77.25491	58.36863	50.38515
57.932	77.25491	58.40174	50.39916
57.971	77.25491	57.88584	49.58683
58.009	77.25491	58.08279	50.17507
58.05	77.25491	58.34248	50.39916
58.09	77.25491	58.54118	50.40617
58.129	77.25491	58.3146	50.17507
58.167	77.25491	58.08105	49.92297
58.206	77.25491	58.08279	49.90897
58.244	77.25491	58.02702	50.04902
58.283	77.25491	58.19608	50.14706
58.321	77.25491	58.30414	50.26611
58.359	77.25491	57.82484	49.68487
58.399	77.25491	57.74118	49.68487
58.438	77.25491	58.11242	49.93697
58.476	77.25491	58.11242	50.27311
58.515	77.25491	58.25882	50.04202
58.555	77.25491	57.62266	49.46078
58.593	77.25491	57.85447	49.92997
58.632	77.25491	57.85447	49.70588
58.67	77.25491	58.33725	50.74229
58.71	77.25491	57.80567	49.48179
58.749	77.25491	57.80567	49.48179
58.788	77.25491	58.14205	50.5112
58.826	77.25491	57.82832	49.58683
58.866	77.25491	57.82658	49.59384
58.905	77.25491	58.11242	50.28011
58.944	77.25491	58.34422	50.4972
58.983	77.25491	58.11242	50.63025
59.023	77.25491	57.91198	50.27311
59.063	77.25491	58.11591	50.04902
59.102	77.25491	58.19782	50.28011
59.141	77.25491	58.25534	50.51821
59.179	77.25491	57.73595	49.68487
59.218	77.25491	57.79869	49.36975
59.257	77.25491	57.94336	50.16106
59.295	77.25491	58.11242	50.39216
59.334	77.25491	58.23094	50.39916
59.373	77.25491	57.85795	49.23669
59.412	77.25491	57.94161	49.58683
59.45	77.25491	57.76558	49.11765
59.489	77.25491	57.85447	50.16807
59.527	77.25491	58.20131	49.71989
59.567	77.25491	57.85272	49.34874
59.606	77.25491	58.19608	50.4972
59.645	77.25491	57.71155	49.11064
59.683	77.25491	57.76906	49.70588
59.722	77.25491	57.91372	50.05602
59.76	77.25491	57.65229	49.22969
59.798	77.25491	57.80044	50.04902
59.837	77.25491	57.6854	49.92997
59.876	77.25491	57.99216	50.27311
59.915	77.25491	58.08802	49.92997
59.954	77.25491	57.84924	49.68487
59.993	77.25491	57.9695	49.81092
60.033	77.25491	57.77081	49.47479
60.073	77.25491	57.91547	49.94398
60.112	77.25491	58.02876	50.16106
60.15	77.25491	57.76558	49.79692
60.189	77.25491	57.88235	49.80392
60.228	77.25491	57.88235	49.80392
60.268	77.25491	57.43268	49.36274
60.306	77.25491	57.68017	49.91597
60.345	77.25491	57.91372	49.38375
60.384	77.25491	57.65752	49.80392
60.423	70.98039	57.59826	49.11765
60.462	77.25491	57.7464	50.17507
60.5	77.25491	57.6	49.69188
60.539	77.25491	57.83181	49.72689
60.58	77.25491	57.59826	49.35574
60.619	77.25491	57.8597	49.82493
60.657	77.25491	57.76906	50.03502
60.696	77.25491	57.72026	49.92997
60.735	77.25491	57.48497	49.70588
60.773	77.25491	57.86493	49.94398
60.812	77.25491	57.73246	49.80392
60.85	77.25491	57.65229	49.82493
60.89	77.25491	58.02702	50.63025
60.929	77.25491	57.62789	49.71289
60.968	70.98039	57.45185	49.57283
61.006	77.25491	57.73421	49.80392
61.045	77.25491	57.65055	49.81092
61.085	77.25491	57.56689	49.57983
61.123	77.25491	58.11416	50.28011
61.162	77.25491	57.59477	49.46078
61.201	77.25491	57.88235	50.37815
61.24	77.25491	57.85447	50.28011
61.278	70.98039	57.51285	49.45378
61.317	77.25491	57.91024	50.15406
61.355	77.25491	57.56689	50.02801
61.394	77.25491	58.2292	50.28011
61.432	77.25491	57.71503	50.06303
61.47	77.25491	57.56514	49.34174
61.51	77.25491	57.8597	49.82493
61.549	77.25491	57.8597	49.82493
61.589	77.25491	57.85272	49.68487
61.629	77.25491	57.85272	49.68487
61.667	77.25491	57.52854	49.33474
61.706	77.25491	57.51111	49.23669
61.745	77.25491	58.08627	50.28011
61.784	77.25491	57.53377	49.11064
61.822	77.25491	57.51285	49.23669
61.862	77.25491	57.59303	49.91597
61.901	77.25491	57.65229	49.69188
61.941	77.25491	57.86143	50.27311
61.98	77.25491	57.45011	49.56583
62.019	77.25491	57.52156	49.13866
62.058	70.98039	57.50762	49.56583
62.099	70.98039	57.36993	49.92997
62.139	70.98039	57.54248	50.04902
62.178	77.25491	57.42919	49.81793
62.219	70.98039	57.48323	49.22969
62.258	77.25491	57.65229	49.81092
62.297	77.25491	57.59826	49.69888
62.337	77.25491	57.76906	50.16106
62.377	77.25491	57.74118	50.15406
62.416	77.25491	57.77081	49.69888
62.456	77.25491	57.65752	49.69888
62.495	77.25491	57.67843	49.92297
62.534	77.25491	57.54771	49.71989
62.573	77.25491	57.56689	49.92297
62.615	77.25491	58.28846	50.5112
62.654	77.25491	57.70806	50.02801
62.694	77.25491	57.6244	50.04902
62.733	70.98039	57.62614	49.81092
62.773	77.25491	57.56863	49.68487
62.813	77.25491	57.68017	49.69888
62.852	77.25491	57.62091	49.68487
62.891	77.25491	57.65926	50.28712
62.931	70.98039	57.20436	49.13165
62.97	77.25491	57.42048	49.45378
63.009	77.25491	57.77081	49.80392
63.048	77.25491	57.65055	49.81092
63.089	77.25491	57.68366	49.45378
63.13	70.98039	57.17299	48.78151
63.168	77.25491	57.478	49.22969
63.208	77.25491	57.96776	50.74229
63.247	77.25491	57.70806	50.26611
63.285	77.25491	57.56689	49.80392
63.325	70.98039	57.37516	49.81793
63.364	70.98039	55.41961	49.11064
63.403	70.98039	52.06274	47.77311
63.442	77.25491	49.60349	47.03081
63.481	77.25491	48.37647	46.34454
63.519	70.98039	47.83268	46.22549
63.559	77.25491	47.57822	45.9944
63.599	77.25491	47.86057	45.87535
63.64	77.25491	47.43355	45.53221
63.679	77.25491	47.63224	45.51821
63.719	70.98039	47.74728	45.9874
63.758	77.25491	47.43181	45.87535
63.798	77.25491	47.59739	45.51821
63.836	77.25491	47.25752	45.52521
63.874	77.25491	47.1756	45.16106
63.913	77.25491	47.37429	45.7423
63.953	77.25491	47.14771	45.76331
63.992	70.98039	47.34118	45.63726
64.032	77.25491	47.34815	46.10644
64.071	77.25491	46.91416	45.7563
64.11	77.25491	47.57299	46.10644
64.151	77.25491	46.97516	45.64426
64.189	70.98039	47.22789	45.39216
64.229	77.25491	47.11111	45.51821
64.268	77.25491	47.11111	45.51821
64.307	77.25491	47.00479	45.65126
64.348	77.25491	47.19826	45.7423
64.388	77.25491	47.02571	45.51821
64.427	77.25491	47.37429	45.7563
64.466	77.25491	46.88105	45.17507
64.504	77.25491	46.56384	45.28011
64.544	77.25491	46.50806	44.68487
64.583	77.25491	46.74161	45.40616
64.622	77.25491	46.74335	45.39916
64.664	77.25491	46.68409	45.51821
64.703	77.25491	46.4488	44.92997
64.742	77.25491	46.50458	45.04202
64.781	77.25491	46.3634	45.28011
64.819	77.25491	46.7085	44.92297
64.858	77.25491	46.93508	45.7423
64.898	77.25491	46.45229	44.82493
64.936	77.25491	46.74335	45.85434
64.977	77.25491	46.39651	45.16807
65.016	77.25491	46.91939	45.63025
65.055	77.25491	46.42092	44.91597
65.094	77.25491	46.39651	44.93697
65.134	77.25491	46.37386	45.04902
65.174	77.25491	46.3634	45.16106
65.212	77.25491	46.91068	45.84734
65.251	77.25491	46.33551	45.16106
65.291	77.25491	46.45752	45.28711
65.329	77.25491	46.36514	45.26611
